0.00000000000000000e+00 0.00000000000000000e+00
1.00000000000000000e+00 9.99999999000000000e+08
2.44060933333332604e+06 1.05729630995763380e+00
2.44063641666665208e+06 1.05675604569638115e+00
2.44066399999998091e+06 1.05461927292754343e+00
2.44069174999998044e+06 1.05218144310920003e+00
2.44071958333331766e+06 1.05132040156953388e+00
2.44074733333332464e+06 1.05267067404763370e+00
2.44077500000000000e+06 1.05521402634134032e+00
2.44080241666667536e+06 1.05714416062484817e+00
2.44082954166668188e+06 1.05735110134082744e+00
2.44085683333335165e+06 1.05587090589582222e+00
2.44088441666668421e+06 1.05346423076836504e+00
2.44091225000001211e+06 1.05177184336596530e+00
2.44094012500000419e+06 1.05208966745589261e+00
2.44096795833332837e+06 1.05413471114276813e+00
2.44099554166665347e+06 1.05626577803048494e+00
2.44102266666664835e+06 1.05715787950627416e+00
2.44104983333331347e+06 1.05650058040952177e+00
2.44107737499998277e+06 1.05429769196317391e+00
2.44110508333332278e+06 1.05201478585124653e+00
2.44113287499999767e+06 1.05142007987039920e+00
2.44116062500000652e+06 1.05302817069912380e+00
2.44118833333334699e+06 1.05573488019269801e+00
2.44121575000001770e+06 1.05764571398918372e+00
2.44124283333335118e+06 1.05775099437302078e+00
2.44127012500001397e+06 1.05627222310196855e+00
2.44129779166667350e+06 1.05387625504198335e+00
2.44132566665509017e+06 1.05219191177917715e+00
2.44135354165508132e+06 1.05249995804401442e+00
2.44138129165507527e+06 1.05447409352582677e+00
2.44140879165507294e+06 1.05653665342073122e+00
2.44143591665507481e+06 1.05737777210197614e+00
2.44146312498841295e+06 1.05654920716313128e+00
2.44149062498842133e+06 1.05426893244888564e+00
2.44151833331018966e+06 1.05206511346839715e+00
2.44154612497686362e+06 1.05160971150892024e+00
2.44157391664353572e+06 1.05332407408157436e+00
2.44160162497687014e+06 1.05599044027735167e+00
2.44162904164353386e+06 1.05768070544263226e+00
2.44165604164352734e+06 1.05765048724294330e+00
2.44168341664351849e+06 1.05606579460732619e+00
2.44171116663193563e+06 1.05348315637016587e+00
2.44173904163192865e+06 1.05169969437254074e+00
2.44176687496525794e+06 1.05200603192780817e+00
2.44179458329859236e+06 1.05400149415548761e+00
2.44182208329859702e+06 1.05607444966977382e+00
2.44184920829860447e+06 1.05685415871723709e+00
2.44187641663194634e+06 1.05593653062433557e+00
2.44190391663195472e+06 1.05371029872231481e+00
2.44193162496529380e+06 1.05167631547371410e+00
2.44195945829862962e+06 1.05143626604227358e+00
2.44198729163196124e+06 1.05331601162032507e+00
2.44201504163195519e+06 1.05596358038505400e+00
2.44204241663194681e+06 1.05749658453688666e+00
2.44206941662036348e+06 1.05742242953648402e+00
2.44209683328702254e+06 1.05573057949099391e+00
2.44212458328701789e+06 1.05310644492120620e+00
2.44215241662035091e+06 1.05146984436211266e+00
2.44218020828702115e+06 1.05200212833614826e+00
2.44220791662036162e+06 1.05419196600818954e+00
2.44223537495370349e+06 1.05636827244460529e+00
2.44226254162037885e+06 1.05711264379623016e+00
2.44228970828705188e+06 1.05616763367948430e+00
2.44231720828705514e+06 1.05403702321617243e+00
2.44234495828705467e+06 1.05216786805859108e+00
2.44237283328704955e+06 1.05209461338208632e+00
2.44240066662037512e+06 1.05401981956690549e+00
2.44242837494212482e+06 1.05652272264535885e+00
2.44245566660878342e+06 1.05791828249986208e+00
2.44248270827544481e+06 1.05775610602990011e+00
2.44251016660877643e+06 1.05583526069014133e+00
2.44253791660877923e+06 1.05312840198224000e+00
2.44256566660878574e+06 1.05157984220240563e+00
2.44259345827546064e+06 1.05224409008927533e+00
2.44262116660880297e+06 1.05451761505706032e+00
2.44264866660880996e+06 1.05666006938526325e+00
2.44267579160881415e+06 1.05726659795607802e+00
2.44270295827548113e+06 1.05625006797526422e+00
2.44273049994214345e+06 1.05408712345277178e+00
2.44275829160880344e+06 1.05217989064870365e+00
2.44278620826388663e+06 1.05205333062038675e+00
2.44281404159721127e+06 1.05385647283884532e+00
2.44284166659720521e+06 1.05620133670082628e+00
2.44286891659720242e+06 1.05752560538366902e+00
2.44289599993053731e+06 1.05721920975533190e+00
2.44292349993054243e+06 1.05515194137663681e+00
2.44295120826388430e+06 1.05250870480101644e+00
2.44297895826389315e+06 1.05115663423456884e+00
2.44300674993056757e+06 1.05203691263173660e+00
2.44303445826390618e+06 1.05445317631105029e+00
2.44306199993057363e+06 1.05655969062582122e+00
2.44308912493057083e+06 1.05703745874320276e+00
2.44311624993056431e+06 1.05601621901913156e+00
2.44314387493055547e+06 1.05384167723364985e+00
2.44317174991897261e+06 1.05195721208587067e+00
2.44319962491896516e+06 1.05192426352273705e+00
2.44322741658562887e+06 1.05382819921522652e+00
2.44325499991896236e+06 1.05625234774178378e+00
2.44328224991896702e+06 1.05759761210836767e+00
2.44330937491897447e+06 1.05720366783201003e+00
2.44333683325231681e+06 1.05515789217012856e+00
2.44336449991899123e+06 1.05269297804004691e+00
2.44339224991899729e+06 1.05158659189673265e+00
2.44342008325233310e+06 1.05269616052938497e+00
2.44344783325233124e+06 1.05519328062295625e+00
2.44347533325232565e+06 1.05715476136910236e+00
2.44350237491898378e+06 1.05751615378533503e+00
2.44352958324073395e+06 1.05641774377090725e+00
2.44355724990739301e+06 1.05407323965903599e+00
2.44358508324072184e+06 1.05212631903262599e+00
2.44361291657405486e+06 1.05214036074576822e+00
2.44364066657405812e+06 1.05409950425234289e+00
2.44366824990739813e+06 1.05653498119979194e+00
2.44369549990740698e+06 1.05781331813742874e+00
2.44372262490741536e+06 1.05729807031884016e+00
2.44375004157408886e+06 1.05521052450739727e+00
2.44377774990742560e+06 1.05278767312866051e+00
2.44380554157409165e+06 1.05175907652177347e+00
2.44383341657408653e+06 1.05289136058256583e+00
2.44386116657407861e+06 1.05523248791438085e+00
2.44388862489582878e+06 1.05694458501259403e+00
2.44391562489582039e+06 1.05722609906901854e+00
2.44394291656248178e+06 1.05592740712741850e+00
2.44397062489581341e+06 1.05339895028908437e+00
2.44399841656248271e+06 1.05148423714085593e+00
2.44402620822915575e+06 1.05164608279255778e+00
2.44405395822916413e+06 1.05374521251201858e+00
2.44408149989583949e+06 1.05624521333333243e+00
2.44410879156251345e+06 1.05746337663138368e+00
2.44413591656251810e+06 1.05688339308585255e+00
2.44416333322918462e+06 1.05484683626029363e+00
2.44419108322918089e+06 1.05253981655240492e+00
2.44421895822917344e+06 1.05165205743261292e+00
2.44424683321759058e+06 1.05286393315147353e+00
2.44427458321758173e+06 1.05516263899912865e+00
2.44430195821757521e+06 1.05682420419157452e+00
2.44432899988423940e+06 1.05706471649155342e+00
2.44435633321757428e+06 1.05563222380815414e+00
2.44438395821757941e+06 1.05315294395238324e+00
2.44441174988425430e+06 1.05146702937496017e+00
2.44443949988426315e+06 1.05190341425388301e+00
2.44446724988427106e+06 1.05422884449068066e+00
2.44449487488427619e+06 1.05680815652564375e+00
2.44452212488427758e+06 1.05792529528397039e+00
2.44454920821760828e+06 1.05728935003526803e+00
2.44457666655093525e+06 1.05525573769816483e+00
2.44460445821759291e+06 1.05293565721900695e+00
2.44463233321758406e+06 1.05204116689529803e+00
2.44466020821757661e+06 1.05321792859625885e+00
2.44468787488423940e+06 1.05544728564076284e+00
2.44471516655090684e+06 1.05707115790026185e+00
2.44474224988424452e+06 1.05720274344688492e+00
2.44476962488425197e+06 1.05562157859757466e+00
2.44479724987268681e+06 1.05315173534865258e+00
2.44482499987269519e+06 1.05158333033264828e+00
2.44485279153936822e+06 1.05215347367284373e+00
2.44488054153937055e+06 1.05452577843919015e+00
2.44490816653936869e+06 1.05695709651822445e+00
2.44493537487269612e+06 1.05784990517759980e+00
2.44496245820602123e+06 1.05713579806423286e+00
2.44498999987267843e+06 1.05492524581014613e+00
2.44501783320600446e+06 1.05244197356007740e+00
2.44504570820599934e+06 1.05151657949349420e+00
2.44507349987266539e+06 1.05272810567313391e+00
2.44510112487266911e+06 1.05499173765352072e+00
2.44512845820600912e+06 1.05660805504749211e+00
2.44515554152777744e+06 1.05664419055852132e+00
2.44518291652778583e+06 1.05503808192331339e+00
2.44521049986112583e+06 1.05268574771936185e+00
2.44523829152779607e+06 1.05131564849993575e+00
2.44526612486112863e+06 1.05209068505182368e+00
2.44529395819445699e+06 1.05454866363695388e+00
2.44532158319444908e+06 1.05686538908499905e+00
2.44534870819444023e+06 1.05765104019276324e+00
2.44537583319443185e+06 1.05687883558144691e+00
2.44540345819442626e+06 1.05455443084020151e+00
2.44543124986109091e+06 1.05213121517827424e+00
2.44545904152776068e+06 1.05141720248967485e+00
2.44548683319443325e+06 1.05285764060036335e+00
2.44551445819444163e+06 1.05528565182662337e+00
2.44554179151620995e+06 1.05694012491862122e+00
2.44556887484954996e+06 1.05691293083537485e+00
2.44559620818288811e+06 1.05533580275483629e+00
2.44562383318288857e+06 1.05310955491286040e+00
2.44565162484955136e+06 1.05190158030689318e+00
2.44567954151621088e+06 1.05278855817645445e+00
2.44570733318286855e+06 1.05518792392653560e+00
2.44573487484952621e+06 1.05732922000395546e+00
2.44576195818285318e+06 1.05804548994087222e+00
2.44578916651618388e+06 1.05709077784007288e+00
2.44581679151618527e+06 1.05458574953850914e+00
2.44584454151619086e+06 1.05218058356502331e+00
2.44587233318286529e+06 1.05159366333992899e+00
2.44590008318287414e+06 1.05315394956924679e+00
2.44592770818288205e+06 1.05561768581878179e+00
2.44595504151622066e+06 1.05716549739575316e+00
2.44598212484955508e+06 1.05701284346903712e+00
2.44600945818288624e+06 1.05539197439316434e+00
2.44603712484954624e+06 1.05311526908685837e+00
2.44606499984953739e+06 1.05185348398340905e+00
2.44609291651619505e+06 1.05265685473616188e+00
2.44612066651618807e+06 1.05491646550067308e+00
2.44614812484951736e+06 1.05695122896639448e+00
2.44617520818285132e+06 1.05759668671879736e+00
2.44620249984952202e+06 1.05646186690011001e+00
2.44623008318286296e+06 1.05391906058607820e+00
2.44625783317129780e+06 1.05166094614113592e+00
2.44628558317130618e+06 1.05129403110935216e+00
2.44631337483797874e+06 1.05305213416372045e+00
2.44634104150464805e+06 1.05557997288518157e+00
2.44636841650464665e+06 1.05700753013839832e+00
2.44639541650464106e+06 1.05678489332503323e+00
2.44642279150463268e+06 1.05515761496281923e+00
2.44645054150462337e+06 1.05286012558999964e+00
2.44647841650461545e+06 1.05165832583059471e+00
2.44650629150461080e+06 1.05257932785315256e+00
2.44653399983794335e+06 1.05494350642457002e+00
2.44656145817128010e+06 1.05704893411636891e+00
2.44658858317128662e+06 1.05765582860358798e+00
2.44661583317129547e+06 1.05646232056856104e+00
2.44664337483797036e+06 1.05402320728790500e+00
2.44667112483797735e+06 1.05198003918280580e+00
2.44669891650464805e+06 1.05185794905434782e+00
2.44672674983798014e+06 1.05378419151077507e+00
2.44675441650464246e+06 1.05626873298315016e+00
2.44678170817130152e+06 1.05751330307378599e+00
2.44680870817129221e+06 1.05723647881574245e+00
2.44683616650461731e+06 1.05545266593209575e+00
2.44686391650461173e+06 1.05301448732768232e+00
2.44689179150460986e+06 1.05182029281005174e+00
2.44691958317127870e+06 1.05281258438626990e+00
2.44694724983795173e+06 1.05522269866809038e+00
2.44697466650462663e+06 1.05730976422517009e+00
2.44700183317130199e+06 1.05780805353531182e+00
2.44702908317130944e+06 1.05652154018253741e+00
2.44705662483798061e+06 1.05408272312948093e+00
2.44708437483798107e+06 1.05209708713592609e+00
2.44711224983797735e+06 1.05203208203894527e+00
2.44714008317130338e+06 1.05389638927416174e+00
2.44716774982638704e+06 1.05614619581307001e+00
2.44719491649304517e+06 1.05722158394234067e+00
2.44722199982637167e+06 1.05684628312345286e+00
2.44724949982636888e+06 1.05482292279921985e+00
2.44727729149303725e+06 1.05231747733065895e+00
2.44730508315970888e+06 1.05124240040936279e+00
2.44733283315971680e+06 1.05240048968646605e+00
2.44736049982639216e+06 1.05492982071691088e+00
2.44738799982640008e+06 1.05702516883664122e+00
2.44741512482640566e+06 1.05743024284611398e+00
2.44744233315974055e+06 1.05613537044956929e+00
2.44746995815973822e+06 1.05377782870794756e+00
2.44749774982639821e+06 1.05191452646172245e+00
2.44752566649305634e+06 1.05196714635136734e+00
2.44755349982638005e+06 1.05385371524264682e+00
2.44758108315970656e+06 1.05604753756901459e+00
2.44760824982636934e+06 1.05711259492276466e+00
2.44763537482636934e+06 1.05662722795840147e+00
2.44766287482637400e+06 1.05454252062238751e+00
2.44769058315971447e+06 1.05219254125112460e+00
2.44771837482638983e+06 1.05138242762198608e+00
2.44774612482639821e+06 1.05280185028670448e+00
2.44777383315973822e+06 1.05549927158685852e+00
2.44780133315974055e+06 1.05756877651826464e+00
2.44782841649307264e+06 1.05785585199440835e+00
2.44785566649306705e+06 1.05654777070436778e+00
2.44788329149305867e+06 1.05416425633773825e+00
2.44791116648147535e+06 1.05227671291988578e+00
2.44793904148146743e+06 1.05231166155489619e+00
2.44796683314812928e+06 1.05415089040920851e+00
2.44799433314812835e+06 1.05629698489314672e+00
2.44802149981479812e+06 1.05731495594716418e+00
2.44804866648147209e+06 1.05667363175616780e+00
2.44807616648148047e+06 1.05451562712480995e+00
2.44810383314815583e+06 1.05223755771089222e+00
2.44813162481482932e+06 1.05156083590731941e+00
2.44815941648149956e+06 1.05308424556613534e+00
2.44818716648149909e+06 1.05573538426331037e+00
2.44821462481482746e+06 1.05757064910158527e+00
2.44824166648148699e+06 1.05771395337606067e+00
2.44826895813657064e+06 1.05629092389984125e+00
2.44829666646989528e+06 1.05370140185072536e+00
2.44832454146988969e+06 1.05171957006319983e+00
2.44835237480322085e+06 1.05178446376738877e+00
2.44838012480322318e+06 1.05368050142644343e+00
2.44840762480322924e+06 1.05585934096472833e+00
2.44843479146990413e+06 1.05682750437150852e+00
2.44846195813657949e+06 1.05610457262817037e+00
2.44848945813658694e+06 1.05399607618272761e+00
2.44851712480325811e+06 1.05187942081502994e+00
2.44854495813659206e+06 1.05141272108421080e+00
2.44857283313658880e+06 1.05309815557146869e+00
2.44860058313658135e+06 1.05573269748634413e+00
2.44862799980323901e+06 1.05741901130034233e+00
2.44865499980323017e+06 1.05751896670103762e+00
2.44868237480322365e+06 1.05597645540003104e+00
2.44871008313655434e+06 1.05334206282075948e+00
2.44873791646988923e+06 1.05151747828243503e+00
2.44876570813656086e+06 1.05182478170469662e+00
2.44879341646990227e+06 1.05393217417858676e+00
2.44882095812500361e+06 1.05622554456375251e+00
2.44884816645834502e+06 1.05716312427783987e+00
2.44887529145835014e+06 1.05640085337515210e+00
2.44890274979168503e+06 1.05437007283218231e+00
2.44893045812501572e+06 1.05239047990463375e+00
2.44895833312500967e+06 1.05206133432711857e+00
2.44898620812500082e+06 1.05377491218614194e+00
2.44901391645832499e+06 1.05626759211173016e+00
2.44904124979165103e+06 1.05782579495583362e+00
2.44906829145831428e+06 1.05783806935180702e+00
2.44909570812498080e+06 1.05606778850801120e+00
2.44912341645831848e+06 1.05335409263159141e+00
2.44915116645832593e+06 1.05161986797883933e+00
2.44917895811342681e+06 1.05206392748656574e+00
2.44920666644676914e+06 1.05426128037040812e+00
2.44923420811344171e+06 1.05651829734081804e+00
2.44926137478011101e+06 1.05730183022737734e+00
2.44928849978010962e+06 1.05646144117345875e+00
2.44931604144677101e+06 1.05437863855745184e+00
2.44934383311342914e+06 1.05233001953669225e+00
2.44937170811341982e+06 1.05193159488754473e+00
2.44939958311341191e+06 1.05354081178741787e+00
2.44942720811340725e+06 1.05591207754383776e+00
2.44945449978007283e+06 1.05741199386050333e+00
2.44948158311340958e+06 1.05729526774450600e+00
2.44950904144674959e+06 1.05539588063340761e+00
2.44953670810185047e+06 1.05275155865779624e+00
2.44956445810185932e+06 1.05121539424571053e+00
2.44959224976853281e+06 1.05188253329602510e+00
2.44961999976853654e+06 1.05422983910595747e+00
2.44964758310186956e+06 1.05645028132445340e+00
2.44967470810186490e+06 1.05709595968074832e+00
2.44970183310185745e+06 1.05624260363720790e+00
2.44972941643518209e+06 1.05412335157892345e+00
2.44975724976850627e+06 1.05208004837066471e+00
2.44978512476850022e+06 1.05178637444419598e+00
2.44981291643516533e+06 1.05352618202133486e+00
2.44984054143516766e+06 1.05600087882210247e+00
2.44986783310184022e+06 1.05753494219705702e+00
2.44989495810184814e+06 1.05734154201390940e+00
2.44992233310185699e+06 1.05545785767363887e+00
2.44994999976853095e+06 1.05297655597555928e+00
2.44997774976853607e+06 1.05167241819147694e+00
2.45000558310187003e+06 1.05255795132106078e+00
2.45003337476853281e+06 1.05497326417007020e+00
2.45006091643519280e+06 1.05703733776146080e+00
2.45008799975694297e+06 1.05755987970421739e+00
2.45011516642360110e+06 1.05661875627849611e+00
2.45014279142359458e+06 1.05430650763428968e+00
2.45017062475692434e+06 1.05219624300256620e+00
2.45019841642359272e+06 1.05196397623641857e+00
2.45022616642359784e+06 1.05377886144900113e+00
2.45025374975693878e+06 1.05627859487680764e+00
2.45028108309028111e+06 1.05774909939540174e+00
2.45030816642362252e+06 1.05743546299690472e+00
2.45033558309029462e+06 1.05550453157178903e+00
2.45036324975696253e+06 1.05304919703130428e+00
2.45039108309029369e+06 1.05180186246702667e+00
2.45041895809028763e+06 1.05269226692895401e+00
2.45044670809027879e+06 1.05495033173743713e+00
2.45047420809026994e+06 1.05677694370807562e+00
2.45050120809026249e+06 1.05722271153199010e+00
2.45052849975692481e+06 1.05608469637348379e+00
2.45055612475692481e+06 1.05359892272376121e+00
2.45058391642359598e+06 1.05153931425699754e+00
2.45061170809026994e+06 1.05147377541615938e+00
2.45063945807870477e+06 1.05344828633155130e+00
2.45066708307871316e+06 1.05602662092281840e+00
2.45069437474538572e+06 1.05743969201468091e+00
2.45072149974538852e+06 1.05705243431364138e+00
2.45074887474538712e+06 1.05516251561639174e+00
2.45077658307871548e+06 1.05279972603729055e+00
2.45080445807870710e+06 1.05167262755335500e+00
2.45083237474536430e+06 1.05264353960816037e+00
2.45086012474535638e+06 1.05488353886735275e+00
2.45088754141201824e+06 1.05668461823412985e+00
2.45091458307868382e+06 1.05709652001617660e+00
2.45094187474535359e+06 1.05583247876305508e+00
2.45096949974536011e+06 1.05339868966892647e+00
2.45099720807870198e+06 1.05156359070257888e+00
2.45102499974537734e+06 1.05177306558559658e+00
2.45105274974538432e+06 1.05397738207079295e+00
2.45108041641205549e+06 1.05663475402796481e+00
2.45110770807872154e+06 1.05793328581808033e+00
2.45113474974538386e+06 1.05747653077094372e+00
2.45116220807870943e+06 1.05556427225437033e+00
2.45118999973379262e+06 1.05315015518582733e+00
2.45121787473378424e+06 1.05199765687447377e+00
2.45124570806711167e+06 1.05294498731141117e+00
2.45127341640044330e+06 1.05514202241104171e+00
2.45130074973377865e+06 1.05691560959452735e+00
2.45132783306711772e+06 1.05722864682143558e+00
2.45135516640045913e+06 1.05582639337277695e+00
2.45138274973380100e+06 1.05339792884603711e+00
2.45141045806714240e+06 1.05167229264584861e+00
2.45143829140048055e+06 1.05200989988349503e+00
2.45146608306714799e+06 1.05425746208882054e+00
2.45149374973381078e+06 1.05675631948811666e+00
2.45152095806713728e+06 1.05781810930493414e+00
2.45154799973379541e+06 1.05728119171288637e+00
2.45157554140045354e+06 1.05517491663508611e+00
2.45160337473377958e+06 1.05259082993047737e+00
2.45163120806710981e+06 1.05142640168616031e+00
2.45165899973377772e+06 1.05244373041586670e+00
2.45168666640044935e+06 1.05470562594829564e+00
2.45171404140045727e+06 1.05648638295058617e+00
2.45174116640046611e+06 1.05671481574614767e+00
2.45176841640047403e+06 1.05528862277182545e+00
2.45179604140047962e+06 1.05297021499062016e+00
2.45182379140048148e+06 1.05143430852992714e+00
2.45185166640047915e+06 1.05197038003061549e+00
2.45187949973380612e+06 1.05430219737112396e+00
2.45190712473379727e+06 1.05669504262077085e+00
2.45193429140045540e+06 1.05765737183882669e+00
2.45196141640044795e+06 1.05705656238568468e+00
2.45198895806711027e+06 1.05482640174209874e+00
2.45201674973377679e+06 1.05230643641279431e+00
2.45204454140044795e+06 1.05136613739379814e+00
2.45207233306712145e+06 1.05262755156335452e+00
2.45209995806713030e+06 1.05506643705157810e+00
2.45212737473380519e+06 1.05689319874744392e+00
2.45215445806714520e+06 1.05705323322735567e+00
2.45218174973381450e+06 1.05564015291259183e+00
2.45220933306714660e+06 1.05342287705366333e+00
2.45223716640047496e+06 1.05201673237651616e+00
2.45226504140046658e+06 1.05263903970635897e+00
2.45229287473379029e+06 1.05490601322464372e+00
2.45232041640044935e+06 1.05713742514468700e+00
2.45234754140044423e+06 1.05803334184073705e+00
2.45237474973377632e+06 1.05725476329090684e+00
2.45240229140044656e+06 1.05484866981396341e+00
2.45243004140045308e+06 1.05234894857083594e+00
2.45245783306712797e+06 1.05153703117660391e+00
2.45248558306713682e+06 1.05292352727063721e+00
2.45251324973381031e+06 1.05540018594269935e+00
2.45254062473381404e+06 1.05710985420525061e+00
2.45256770806714753e+06 1.05712974927664272e+00
2.45259499973380985e+06 1.05566426572788452e+00
2.45262266640046937e+06 1.05336868539573647e+00
2.45265054140046006e+06 1.05188280887387986e+00
2.45267841640045121e+06 1.05242660777824182e+00
2.45270620806711167e+06 1.05458626815028267e+00
2.45273366640044330e+06 1.05673828501603939e+00
2.45276083306711167e+06 1.05757136390966622e+00
2.45278804140045075e+06 1.05663234765768377e+00
2.45281558306712564e+06 1.05419686481513031e+00
2.45284333306713449e+06 1.05184496403998828e+00
2.45287108306714240e+06 1.05125632040837824e+00
2.45289887473381357e+06 1.05284752368649448e+00
2.45292658306714799e+06 1.05539315183480542e+00
2.45295399973381124e+06 1.05697698989270550e+00
2.45298099973380426e+06 1.05691891698654383e+00
2.45300833306712890e+06 1.05543242384909530e+00
2.45303608306712005e+06 1.05309111991011850e+00
2.45306395806711307e+06 1.05166337312396885e+00
2.45309179140044330e+06 1.05234652326003753e+00
2.45311949973377725e+06 1.05464069753246492e+00
2.45314699973378237e+06 1.05688161619216303e+00
2.45317416640045680e+06 1.05768937641334615e+00
2.45320137473379867e+06 1.05669413903227949e+00
2.45322891640047403e+06 1.05435079496572337e+00
2.45325662473381264e+06 1.05219806391467130e+00
2.45328441640048148e+06 1.05184040273697188e+00
2.45331224973381218e+06 1.05358648483914874e+00
2.45333995806713961e+06 1.05607277893509321e+00
2.45336729140046472e+06 1.05746578116381262e+00
2.45339429140045587e+06 1.05735089146369421e+00
2.45342170806711446e+06 1.05568777116980761e+00
2.45344945806711027e+06 1.05319334197112835e+00
2.45347729140044376e+06 1.05178074494866292e+00
2.45350508306711446e+06 1.05255299843138528e+00
2.45353274973378796e+06 1.05490969160059755e+00
2.45356024973379681e+06 1.05713749740244078e+00
2.45358741640047217e+06 1.05783730719221825e+00
2.45361462473381124e+06 1.05674681717075591e+00
2.45364212473381450e+06 1.05439246668198860e+00
2.45366991640048008e+06 1.05227631275858635e+00
2.45369774973380798e+06 1.05195436412073784e+00
2.45372562473380007e+06 1.05362875988895022e+00
2.45375329138888372e+06 1.05589364243566397e+00
2.45378054138887580e+06 1.05712879124382075e+00
2.45380758305553719e+06 1.05691759353376824e+00
2.45383504138886929e+06 1.05502499969757180e+00
2.45386279138887208e+06 1.05247911659018323e+00
2.45389058305554511e+06 1.05120155310565466e+00
2.45391833305555396e+06 1.05215611752938365e+00
2.45394604138889583e+06 1.05464955315989273e+00
2.45397354138890328e+06 1.05689464571610170e+00
2.45400070805557352e+06 1.05749498468023773e+00
2.45402791638890700e+06 1.05638694548350154e+00
2.45405545805556932e+06 1.05409636220786540e+00
2.45408329138889536e+06 1.05207828183271523e+00
2.45411116638888605e+06 1.05186097586503613e+00
2.45413904138887720e+06 1.05357272417755721e+00
2.45416666638887115e+06 1.05581269903796060e+00
2.45419387472220231e+06 1.05704985526441142e+00
2.45422095805553766e+06 1.05673872009980729e+00
2.45424841638887674e+06 1.05479030106262206e+00
2.45427608305555116e+06 1.05239635058284153e+00
2.45430387472222699e+06 1.05138034411934700e+00
2.45433162472223444e+06 1.05259906345801268e+00
2.45435937472223956e+06 1.05526280206773393e+00
2.45438691638890747e+06 1.05747412830964604e+00
2.45441404138890421e+06 1.05793966439275078e+00
2.45444120805556374e+06 1.05680510439125408e+00
2.45446883305555489e+06 1.05445406529461772e+00
2.45449666638887953e+06 1.05237808295137159e+00
2.45452454138887255e+06 1.05214350064697082e+00
2.45455233305553580e+06 1.05383267415910042e+00
2.45457991638887022e+06 1.05604572397613139e+00
2.45460708305554138e+06 1.05724113191250346e+00
2.45463424972221581e+06 1.05678809161251253e+00
2.45466166638889117e+06 1.05476836207457225e+00
2.45468933305556607e+06 1.05243855852055113e+00
2.45471712472223863e+06 1.05154805546158636e+00
2.45474495805557398e+06 1.05286532263158650e+00
2.45477270805557165e+06 1.05547544848175945e+00
2.45480020805556560e+06 1.05744203914839519e+00
2.45482724972222373e+06 1.05775810437257234e+00
2.45485449971064087e+06 1.05650185237680527e+00
2.45488220804396644e+06 1.05392917010232345e+00
2.45491004137729574e+06 1.05176895283844307e+00
2.45493787471062876e+06 1.05159347819972360e+00
2.45496562471063249e+06 1.05337245704869376e+00
2.45499316637730645e+06 1.05563934765391387e+00
2.45502041637731530e+06 1.05679698282883527e+00
2.45504754137732368e+06 1.05626708899515909e+00
2.45507495804399671e+06 1.05429309622373557e+00
2.45510266637733346e+06 1.05211458816484549e+00
2.45513045804399857e+06 1.05142401797553364e+00
2.45515833304399345e+06 1.05289805872415765e+00
2.45518612471065205e+06 1.05549328577933887e+00
2.45521358304397622e+06 1.05732497779259571e+00
2.45524058304396830e+06 1.05760017797856065e+00
2.45526791637729667e+06 1.05621565840578180e+00
2.45529562471062830e+06 1.05359762640579047e+00
2.45532341637729807e+06 1.05160407091702446e+00
2.45535120804397110e+06 1.05168300242570578e+00
2.45537891637731297e+06 1.05368586757534155e+00
2.45540649971065484e+06 1.05607768599334251e+00
2.45543374971066182e+06 1.05720598812203970e+00
2.45546083304399950e+06 1.05662431089497000e+00
2.45548824971066602e+06 1.05470656968275733e+00
2.45551599971066182e+06 1.05263318858366595e+00
2.45554387471065437e+06 1.05204679947029889e+00
2.45557174971064506e+06 1.05353212217444825e+00
2.45559945804397017e+06 1.05599601420242739e+00
2.45562683304396411e+06 1.05771084253823222e+00
2.45565387471062830e+06 1.05790122170107148e+00
2.45568124971062969e+06 1.05629644013313806e+00
2.45570891637730226e+06 1.05360150481761461e+00
2.45573666637731064e+06 1.05169706873682278e+00
2.45576445804398600e+06 1.05191433426126291e+00
2.45579216637732740e+06 1.05401143804216102e+00
2.45581974971066508e+06 1.05636381074410379e+00
2.45584699971066648e+06 1.05732222380191931e+00
2.45587404137733020e+06 1.05665486631803862e+00
2.45590154137732368e+06 1.05466909803369902e+00
2.45592933304398134e+06 1.05249594706908067e+00
2.45595724971063854e+06 1.05183096198900472e+00
2.45598508304396505e+06 1.05323503368823013e+00
2.45601274971062830e+06 1.05561279816911857e+00
2.45604008304396272e+06 1.05728408752798453e+00
2.45606716637730086e+06 1.05736008246531998e+00
2.45609454137730831e+06 1.05564031193976438e+00
2.45612220803240966e+06 1.05301787791748924e+00
2.45614995803241804e+06 1.05131110441930753e+00
2.45617774969909014e+06 1.05175654633514926e+00
2.45620554136575945e+06 1.05400958017987434e+00
2.45623312469909014e+06 1.05632364423196834e+00
2.45626033303241804e+06 1.05713489407442562e+00
2.45628737469907617e+06 1.05644798183755806e+00
2.45631495803240035e+06 1.05440053020718705e+00
2.45634274969905941e+06 1.05221800606124982e+00
2.45637062469905475e+06 1.05167097816745625e+00
2.45639841636572126e+06 1.05323360867278359e+00
2.45642608303239197e+06 1.05573963107795410e+00
2.45645341636573244e+06 1.05745911653924818e+00
2.45648054136574082e+06 1.05746824825987451e+00
2.45650787469908223e+06 1.05575841051792318e+00
2.45653549969908921e+06 1.05328321843794059e+00
2.45656324969909200e+06 1.05179160003000449e+00
2.45659108303242456e+06 1.05243921527069850e+00
2.45661891636575293e+06 1.05474471940951786e+00
2.45664649969907803e+06 1.05689303773071286e+00
2.45667358303240268e+06 1.05757894401962149e+00
2.45670070803239429e+06 1.05679617502064005e+00
2.45672833303238917e+06 1.05453874167570838e+00
2.45675612469905429e+06 1.05229105646384147e+00
2.45678391636572406e+06 1.05181817827053892e+00
2.45681166636573011e+06 1.05347189825797050e+00
2.45683929136573896e+06 1.05601263069026707e+00
2.45686662469908036e+06 1.05766848280922310e+00
2.45689374969908735e+06 1.05755534880226798e+00
2.45692108303242503e+06 1.05579075728070659e+00
2.45694874969909200e+06 1.05332394970578935e+00
2.45697658303242130e+06 1.05186621630274169e+00
2.45700445803241385e+06 1.05250286970993145e+00
2.45703224969907105e+06 1.05465394617550978e+00
2.45705974969906267e+06 1.05658332777233710e+00
2.45708683303239010e+06 1.05719505055662188e+00
2.45711404136572080e+06 1.05622486364906298e+00
2.45714166636572266e+06 1.05380892448504437e+00
2.45716941636572825e+06 1.05162608952310732e+00
2.45719720803240268e+06 1.05133442725238191e+00
2.45722495802083751e+06 1.05316475790012909e+00
2.45725262468751194e+06 1.05579932494641660e+00
2.45727995802085055e+06 1.05740047057928521e+00
2.45730704135418497e+06 1.05720264237956729e+00
2.45733441635418218e+06 1.05546870030488571e+00
2.45736212468750868e+06 1.05307112098388189e+00
2.45738999968749983e+06 1.05171151723880851e+00
2.45741787468749052e+06 1.05242902244318293e+00
2.45744562468748353e+06 1.05458933367347263e+00
2.45747308302081376e+06 1.05651989245586142e+00
2.45750016635414772e+06 1.05710720463111385e+00
2.45752741635415237e+06 1.05601964037843987e+00
2.45755499968749285e+06 1.05365556904863911e+00
2.45758270802083518e+06 1.05169178411128761e+00
2.45761049968751008e+06 1.05167242154027418e+00
2.45763829135418311e+06 1.05373484144940055e+00
2.45766595802085195e+06 1.05644414600627856e+00
2.45769329135418311e+06 1.05791516419484477e+00
2.45772033302084403e+06 1.05763604265930411e+00
2.45774774968750216e+06 1.05585701166724344e+00
2.45777549968749285e+06 1.05336997597350046e+00
2.45780337468748540e+06 1.05196943887616645e+00
2.45783120802081423e+06 1.05268044668923566e+00
2.45785891635414725e+06 1.05482728781939361e+00
2.45788633302081749e+06 1.05674003946633199e+00
2.45791341635415796e+06 1.05723755095836069e+00
2.45794066635416634e+06 1.05602173339998240e+00
2.45796824968750821e+06 1.05365794860078044e+00
2.45799595802084822e+06 1.05179323195871244e+00
2.45802379135418497e+06 1.05189542747124842e+00
2.45805158302085055e+06 1.05399349771562867e+00
2.45807929135417938e+06 1.05653630785119579e+00
2.45810654135417147e+06 1.05776176669921029e+00
2.45813358302082866e+06 1.05740127737528455e+00
2.45816108302082075e+06 1.05541388169927064e+00
2.45818887468748167e+06 1.05275489680651257e+00
2.45821674968747981e+06 1.05136519389305083e+00
2.45824454135414958e+06 1.05217921851946961e+00
2.45827220802082261e+06 1.05441645159251274e+00
2.45829962468749750e+06 1.05635239975556972e+00
2.45832674968750589e+06 1.05677405961366033e+00
2.45835395802084683e+06 1.05553215981702553e+00
2.45838154135418450e+06 1.05326988612163186e+00
2.45840929135418497e+06 1.05158258552286599e+00
2.45843716635418078e+06 1.05187323779227837e+00
2.45846499968750635e+06 1.05405216542332791e+00
2.45849266635416448e+06 1.05649922064431778e+00
2.45851987468748866e+06 1.05763773085756330e+00
2.45854695802081609e+06 1.05720999461733611e+00
2.45857449968747981e+06 1.05509460558329615e+00
2.45860224968748167e+06 1.05250496018992701e+00
2.45863004135415424e+06 1.05134865274305978e+00
2.45865783302082866e+06 1.05241694107411732e+00
2.45868549968750402e+06 1.05484289094428574e+00
2.45871295802084543e+06 1.05683016673829955e+00
2.45874008302085055e+06 1.05717555383690809e+00
2.45876724968751846e+06 1.05593087882545955e+00
2.45879487468751520e+06 1.05374294515350675e+00
2.45882266635417566e+06 1.05215102895362089e+00
2.45885058302083332e+06 1.05249993176672518e+00
2.45887837468749098e+06 1.05461389758619606e+00
2.45890599968748353e+06 1.05691778335140096e+00
2.45893312468748027e+06 1.05799361077728848e+00
2.45896029135414772e+06 1.05739700124821900e+00
2.45898783302081889e+06 1.05511017777119509e+00
2.45901554135415982e+06 1.05253958390047231e+00
2.45904329135416867e+06 1.05150941045900370e+00
2.45907108302084357e+06 1.05270627311227472e+00
2.45909874968751613e+06 1.05517079134965153e+00
2.45912620802085195e+06 1.05703024963167680e+00
2.45915329135418357e+06 1.05721989489897594e+00
2.45918049968751101e+06 1.05591766011710941e+00
2.45920820802083565e+06 1.05362248054549412e+00
2.45923604135416029e+06 1.05192729081087344e+00
2.45926391635415237e+06 1.05220658729335192e+00
2.45929170802081423e+06 1.05424973593800009e+00
2.45931924968748027e+06 1.05650308466457910e+00
2.45934641635415098e+06 1.05752603602557715e+00
2.45937358302082401e+06 1.05678666378813690e+00
2.45940112468749937e+06 1.05448016191753902e+00
2.45942883302084124e+06 1.05205661979425580e+00
2.45945658302084822e+06 1.05125067357624813e+00
2.45948441635418497e+06 1.05265700985912347e+00
2.45951212468751706e+06 1.05519233024402048e+00
2.45953958302084589e+06 1.05692068077979573e+00
2.45956658302083798e+06 1.05702574831660012e+00
2.45959387468749564e+06 1.05568614557357088e+00
2.45962162468748726e+06 1.05332326109082386e+00
2.45964945802081516e+06 1.05168813697542962e+00
2.45967729135414679e+06 1.05213046967845947e+00
2.45970504135414958e+06 1.05433495975163916e+00
2.45973254135415563e+06 1.05669356699164108e+00
2.45975974968749704e+06 1.05770330463800755e+00
2.45978691635417286e+06 1.05690806908405599e+00
2.45981441635418031e+06 1.05467961237623498e+00
2.45984212468751753e+06 1.05243678707485988e+00
2.45986991635418497e+06 1.05184377808707841e+00
2.45989779135418078e+06 1.05338795312838895e+00
2.45992549968750682e+06 1.05585171300115910e+00
2.45995287468749750e+06 1.05738637566323357e+00
2.45997987468748912e+06 1.05743301109264509e+00
2.46000724968748260e+06 1.05590426577030616e+00
2.46003495802081330e+06 1.05338170963023603e+00
2.46006279135414865e+06 1.05176919194621465e+00
2.46009058302082028e+06 1.05231491588732617e+00
2.46011829135416215e+06 1.05459418751139911e+00
2.46014579135417100e+06 1.05694576824389697e+00
2.46017299968751147e+06 1.05784478072805044e+00
2.46020016635418357e+06 1.05695051821968478e+00
2.46022766635418544e+06 1.05469941376200316e+00
2.46025541635418264e+06 1.05247150921691257e+00
2.46028329135417566e+06 1.05189164987473815e+00
2.46031112468749983e+06 1.05335640110151618e+00
2.46033883302082447e+06 1.05561467030417488e+00
2.46036612468748400e+06 1.05700476149184075e+00
2.46039316635414725e+06 1.05695952084543099e+00
2.46042058302081423e+06 1.05521455101218353e+00
2.46044829135415237e+06 1.05265568897122019e+00
2.46047608302082634e+06 1.05119043123839906e+00
2.46050383302083518e+06 1.05193309978004534e+00
2.46053158302084357e+06 1.05436521183069321e+00
2.46055912468751613e+06 1.05674344142953869e+00
2.46058633302085195e+06 1.05753543346506973e+00
2.46061345802085008e+06 1.05661419112187849e+00
2.46064099968751101e+06 1.05440963923378583e+00
2.46066879135416960e+06 1.05225186687999850e+00
2.46069670802082680e+06 1.05176673051878078e+00
2.46072454135415237e+06 1.05328676732388948e+00
2.46075220802081423e+06 1.05555336502938490e+00
2.46077945802081376e+06 1.05696180405669127e+00
2.46080654135415051e+06 1.05682824375213813e+00
2.46083395802082401e+06 1.05503246394142347e+00
2.46086158302083239e+06 1.05262070508608807e+00
2.46088937468750775e+06 1.05141060265986197e+00
2.46091716635418171e+06 1.05241579302126009e+00
2.46094491635418497e+06 1.05501712496385580e+00
2.46097249968751753e+06 1.05734995443334157e+00
2.46099962468751241e+06 1.05799239548782897e+00
2.46102674968750495e+06 1.05703240807162624e+00
2.46105437468749564e+06 1.05473249615981146e+00
2.46108220802082075e+06 1.05249079381030297e+00
2.46111008302081516e+06 1.05199120854261863e+00
2.46113787468747981e+06 1.05351428198963770e+00
2.46116545802081609e+06 1.05577490629783832e+00
2.46119270802082215e+06 1.05714607500818913e+00
2.46121979135416402e+06 1.05688397136311418e+00
2.46124720802083891e+06 1.05501800494151587e+00
2.46127483302084636e+06 1.05266044846363060e+00
2.46130262468751753e+06 1.05156568889794744e+00
2.46133045802085148e+06 1.05266323106192905e+00
2.46135824968751427e+06 1.05520330484592773e+00
2.46138579135417379e+06 1.05728512927724827e+00
2.46141283302083146e+06 1.05777324005775242e+00
2.46144008302082308e+06 1.05668671177997964e+00
2.46146774968748260e+06 1.05415577967029428e+00
2.46149558302081330e+06 1.05184134694568288e+00
2.46152337468748167e+06 1.05142944572697283e+00
2.46155112468748679e+06 1.05307296703750297e+00
2.46157870802082820e+06 1.05540824221071539e+00
2.46160599968750356e+06 1.05675379214915810e+00
2.46163308302084496e+06 1.05641544785357167e+00
2.46166049968751660e+06 1.05458839722341846e+00
2.46168816635418544e+06 1.05237073391619207e+00
2.46171599968751566e+06 1.05146185237314427e+00
2.46174387468750915e+06 1.05270650380314446e+00
2.46177166635416728e+06 1.05523654693306956e+00
2.46179916635415796e+06 1.05720128577712869e+00
2.46182616635415098e+06 1.05765352759409370e+00
2.46185345802081376e+06 1.05643490536827511e+00
2.46188112468748074e+06 1.05385986639800211e+00
2.46190891635415191e+06 1.05171848059747064e+00
2.46193670802082587e+06 1.05156805002336595e+00
2.46196441635416821e+06 1.05344503951480450e+00
2.46199204135417659e+06 1.05591386016915512e+00
2.46201933302084915e+06 1.05722819367608856e+00
2.46204641635418544e+06 1.05682432437580243e+00
2.46207379135418357e+06 1.05503497929468404e+00
2.46210149968751101e+06 1.05288818374661908e+00
2.46212937468750263e+06 1.05204964443513926e+00
2.46215724968749331e+06 1.05329095015582785e+00
2.46218499968748540e+06 1.05570343171369996e+00
2.46221241635414772e+06 1.05756600043365778e+00
2.46223945802081376e+06 1.05793753837912030e+00
2.46226679135415051e+06 1.05650900871390796e+00
2.46229441635415750e+06 1.05385944395321007e+00
2.46232216635416588e+06 1.05180443563602166e+00
2.46234995802084124e+06 1.05179219094165188e+00
2.46237770802084822e+06 1.05376721757793423e+00
2.46240533302085148e+06 1.05619148855697143e+00
2.46243258302085102e+06 1.05731809836037138e+00
2.46245962468751287e+06 1.05682187623083124e+00
2.46248708302083844e+06 1.05494677042680007e+00
2.00000000000000000e+00 9.99999999000000000e+08
2.44059491666666418e+06 9.29446556672456459e-01
2.44062345833332185e+06 9.28677675958518134e-01
2.44065191666664928e+06 9.36243875750029653e-01
2.44067995833331347e+06 9.49257061639383060e-01
2.44070666666664882e+06 9.61123396862342272e-01
2.44073183333332045e+06 9.57319661928259458e-01
2.44075924999999488e+06 9.44469311764362662e-01
2.44078741666667117e+06 9.33765585610776827e-01
2.44081579166667908e+06 9.28881173858050802e-01
2.44084420833335072e+06 9.31298176806162781e-01
2.44087254166668514e+06 9.40821597419901789e-01
2.44090033333334839e+06 9.54815741631007797e-01
2.44092570833334187e+06 9.63216112715341133e-01
2.44095187500000000e+06 9.51689642982589956e-01
2.44097991666665813e+06 9.37721856015965138e-01
2.44100837499998370e+06 9.29508800911239108e-01
2.44103687499997998e+06 9.29453954144607186e-01
2.44106524999998091e+06 9.37062077033005147e-01
2.44109320833331952e+06 9.49543048442090032e-01
2.44111991666666046e+06 9.60771993100987265e-01
2.44114512500000140e+06 9.57125904152114404e-01
2.44117254166667676e+06 9.44273719309603243e-01
2.44120070833334932e+06 9.33141084817829314e-01
2.44122912500001816e+06 9.27964669863975633e-01
2.44125758333334979e+06 9.30747596741261951e-01
2.44128595833334327e+06 9.41274987174750000e-01
2.44131370833333489e+06 9.56053466209160430e-01
2.44133870832175249e+06 9.62595710724974407e-01
2.44136529165507853e+06 9.49962286275592205e-01
2.44139337498840690e+06 9.36679039362543264e-01
2.44142174998840643e+06 9.29417688264782660e-01
2.44145020832174364e+06 9.29922210065930566e-01
2.44147849998841714e+06 9.37554828649157623e-01
2.44150645831018547e+06 9.49802311322000326e-01
2.44153312497686036e+06 9.60909217532615711e-01
2.44155833331019990e+06 9.56905771516893600e-01
2.44158579164353712e+06 9.43488540875872084e-01
2.44161399997686921e+06 9.32124974588877331e-01
2.44164249997686408e+06 9.27479628901967890e-01
2.44167104164352268e+06 9.31428684917042005e-01
2.44169937496527238e+06 9.42998658693397496e-01
2.44172695829859748e+06 9.57644199763543424e-01
2.44175183329859283e+06 9.61690755449373991e-01
2.44177866663192492e+06 9.49106199872621459e-01
2.44180674996526027e+06 9.36847738128830043e-01
2.44183508329860028e+06 9.30220264025315990e-01
2.44186349996527564e+06 9.30719229024808192e-01
2.44189179163195146e+06 9.38046582289359998e-01
2.44191979163195845e+06 9.50237679414693837e-01
2.44194641663196264e+06 9.61714980790387086e-01
2.44197154163196264e+06 9.56953366050947385e-01
2.44199912496529194e+06 9.42805032807293997e-01
2.44202741663195146e+06 9.31473125669285196e-01
2.44205595828703465e+06 9.27540476612316200e-01
2.44208449995369231e+06 9.32345147409609942e-01
2.44211274995368579e+06 9.44212034657532673e-01
2.44214016662035044e+06 9.58097812589632447e-01
2.44216516662035231e+06 9.60805149332917496e-01
2.44219204162035743e+06 9.48808203101373926e-01
2.44222008328703186e+06 9.36897990284087379e-01
2.44224841662037466e+06 9.30074912973537282e-01
2.44227679162038257e+06 9.30245325266173206e-01
2.44230512495372072e+06 9.37643934519426736e-01
2.44233316662038863e+06 9.50491926277822641e-01
2.44235966662038583e+06 9.62436223598967633e-01
2.44238479162037978e+06 9.55902894068524911e-01
2.44241249995370395e+06 9.41095838199475287e-01
2.44244087494212063e+06 9.30281697372276950e-01
2.44246941660878016e+06 9.27466268011935213e-01
2.44249787494210992e+06 9.33142841417926805e-01
2.44252604160877783e+06 9.45039781114316968e-01
2.44255333327544900e+06 9.58111799564789646e-01
2.44257841660878947e+06 9.60055789666662940e-01
2.44260533327546436e+06 9.48303925967651673e-01
2.44263333327547275e+06 9.36370239165511320e-01
2.44266166660881275e+06 9.29480067668142063e-01
2.44269012494214810e+06 9.29946719974189873e-01
2.44271854160881275e+06 9.38141418521197923e-01
2.44274654160880670e+06 9.51902390745965943e-01
2.44277266660879878e+06 9.63298684535357053e-01
2.44279804159721592e+06 9.54409785428270041e-01
2.44282591659720801e+06 9.39936848478563292e-01
2.44285429159720335e+06 9.30375425790005761e-01
2.44288279159720289e+06 9.28553698774636116e-01
2.44291116659720661e+06 9.34379416693680964e-01
2.44293929159721406e+06 9.45769906517903491e-01
2.44296658326388896e+06 9.58319449726184658e-01
2.44299166659723036e+06 9.60215948878653025e-01
2.44301858326390339e+06 9.48347309530538696e-01
2.44304662493057363e+06 9.36110277259170731e-01
2.44307504159723967e+06 9.29126294675187259e-01
2.44310354159723455e+06 9.30005869936337382e-01
2.44313199993055966e+06 9.39011622097821852e-01
2.44315991658564331e+06 9.53299933271106403e-01
2.44318566658563539e+06 9.63283835453606407e-01
2.44321145825229678e+06 9.53240264754274480e-01
2.44323937491896143e+06 9.39538793204875544e-01
2.44326770825229771e+06 9.30635876802103468e-01
2.44329612491897028e+06 9.28874872592613143e-01
2.44332449991897913e+06 9.34379224963394872e-01
2.44335258325232146e+06 9.45564116791533626e-01
2.44337987491899496e+06 9.58367461757885120e-01
2.44340487491899915e+06 9.60236903435743860e-01
2.44343187491899962e+06 9.47505039907014734e-01
2.44345999991899589e+06 9.34704088840097924e-01
2.44348845825232193e+06 9.27983692903995072e-01
2.44351699990740465e+06 9.29924979549499153e-01
2.44354537490739580e+06 9.40030509150204363e-01
2.44357320824072324e+06 9.54378069344365310e-01
2.44359870824072091e+06 9.62367912168518469e-01
2.44362483324072231e+06 9.51998893458967488e-01
2.44365270824072743e+06 9.38968119734748807e-01
2.44368099990740232e+06 9.30460253885726063e-01
2.44370937490741117e+06 9.28814040511370842e-01
2.44373774990741955e+06 9.34433973436977761e-01
2.44376591657409165e+06 9.46009853779760657e-01
2.44379316657409258e+06 9.59363201968400636e-01
2.44381799990742281e+06 9.60001673967650015e-01
2.44384516657408373e+06 9.46110963328884780e-01
2.44387341657407489e+06 9.33552806344155495e-01
2.44390191656249156e+06 9.28050281298868573e-01
2.44393041656248411e+06 9.31236534660362381e-01
2.44395874989581341e+06 9.41705926514482150e-01
2.44398641656248132e+06 9.55293151950145303e-01
2.44401187489581853e+06 9.61867040689053265e-01
2.44403816656249249e+06 9.51823359300526528e-01
2.44406599989583436e+06 9.39236047050408751e-01
2.44409429156251019e+06 9.30752103826312016e-01
2.44412270822918275e+06 9.28956709112384704e-01
2.44415112489585159e+06 9.34678480679367762e-01
2.44417933322918322e+06 9.46819651561199738e-01
2.44420649989584368e+06 9.60671346494710754e-01
2.44423116656250320e+06 9.59424956203029811e-01
2.44425858321758639e+06 9.44990733127643034e-01
2.44428687488424499e+06 9.33144810732142727e-01
2.44431533321757335e+06 9.28533221257568431e-01
2.44434379155090638e+06 9.32075720005187347e-01
2.44437204155091057e+06 9.42242896524003393e-01
2.44439966655091755e+06 9.55221260625298885e-01
2.44442516655092547e+06 9.61539472139633644e-01
2.44445145821760036e+06 9.51706661953852340e-01
2.44447929155094083e+06 9.38800156818110354e-01
2.44450762488427712e+06 9.29863568032302856e-01
2.44453608321761014e+06 9.28091805561726435e-01
2.44456454155093851e+06 9.34596442957116302e-01
2.44459270821759664e+06 9.47816484847034180e-01
2.44461966655092128e+06 9.61605516543456940e-01
2.44464445821758034e+06 9.57850334441549545e-01
2.44467199988424126e+06 9.43539924859543078e-01
2.44470029155090638e+06 9.32614916124523741e-01
2.44472870821757521e+06 9.28764914362621097e-01
2.44475708321758173e+06 9.32561492764608646e-01
2.44478529155092360e+06 9.42595927867164507e-01
2.44481287487269146e+06 9.55437907163495637e-01
2.44483837487269845e+06 9.61652098203979566e-01
2.44486466653936962e+06 9.51193665594468385e-01
2.44489258320603659e+06 9.37775888911104860e-01
2.44492095820603287e+06 9.28980756830607990e-01
2.44494949987269193e+06 9.28160978534262715e-01
2.44497799987268262e+06 9.35902194238205754e-01
2.44500608320600726e+06 9.49685233847808785e-01
2.44503270820600120e+06 9.62240034904334740e-01
2.44505774987266539e+06 9.56715568920946557e-01
2.44508537487266632e+06 9.43227573038797562e-01
2.44511362487267191e+06 9.33160360689395452e-01
2.44514199987267982e+06 9.29576281507119684e-01
2.44517037486111512e+06 9.33153402954027156e-01
2.44519858319445653e+06 9.42981305383060797e-01
2.44522624986112816e+06 9.56066633405875721e-01
2.44525154152779654e+06 9.62296932798899607e-01
2.44527791652779374e+06 9.50747817900506997e-01
2.44530595819445373e+06 9.36960027068292622e-01
2.44533441652777838e+06 9.28614620256147938e-01
2.44536295819443557e+06 9.28679525872273093e-01
2.44539141652776161e+06 9.37045759312453597e-01
2.44541941652775835e+06 9.50618817723734910e-01
2.44544583319442533e+06 9.61883450295778375e-01
2.44547116652776301e+06 9.56084729325561988e-01
2.44549874986110348e+06 9.43161544705781840e-01
2.44552691651620530e+06 9.33108408617512652e-01
2.44555529151621368e+06 9.29178820340483158e-01
2.44558370818288624e+06 9.32592580294752893e-01
2.44561195818288904e+06 9.42844732754937853e-01
2.44563962484955322e+06 9.56754348484735728e-01
2.44566458318288159e+06 9.62187288330803248e-01
2.44569124984954018e+06 9.49152572206278800e-01
2.44571941651619785e+06 9.35379033208292299e-01
2.44574787484952249e+06 9.27972436370658849e-01
2.44577637484951783e+06 9.29113266813563765e-01
2.44580474984951736e+06 9.37937056542054060e-01
2.44583262484952109e+06 9.51106644981382088e-01
2.44585895818286110e+06 9.61417188243255283e-01
2.44588445818286901e+06 9.55513149648221982e-01
2.44591199984954437e+06 9.42662300171106415e-01
2.44594020818288485e+06 9.32474331747679686e-01
2.44596862484955508e+06 9.28626043819110736e-01
2.44599708318288764e+06 9.32641603916028572e-01
2.44602537484954949e+06 9.43876873701263719e-01
2.44605291651620856e+06 9.58353734728196738e-01
2.44607762484953320e+06 9.61475472667913333e-01
2.44610466651619179e+06 9.47641067569077955e-01
2.44613283318285225e+06 9.34846574209924897e-01
2.44616124984951690e+06 9.28652489198038777e-01
2.44618970818285318e+06 9.30340954327451564e-01
2.44621804151619272e+06 9.38913596542540585e-01
2.44624587484953459e+06 9.51531403841182177e-01
2.44627224983796896e+06 9.61617815603305726e-01
2.44629766650464246e+06 9.55672698841683488e-01
2.44632529150464712e+06 9.42504734555404511e-01
2.44635354150464805e+06 9.32058465458307062e-01
2.44638204150464432e+06 9.28387272844142797e-01
2.44641054150463687e+06 9.33097910578393419e-01
2.44643879150462756e+06 9.45123287538851331e-01
2.44646616650461871e+06 9.59473209752819245e-01
2.44649091650461312e+06 9.60391949405271061e-01
2.44651808317127638e+06 9.46822576432410301e-01
2.44654624983794428e+06 9.34840846226141386e-01
2.44657462483794941e+06 9.28973732982050993e-01
2.44660304150462477e+06 9.30459792423913190e-01
2.44663133317130012e+06 9.38730652117037878e-01
2.44665920817130851e+06 9.51406766361641676e-01
2.44668549983797967e+06 9.61901100036881340e-01
2.44671091650464805e+06 9.55255767481495988e-01
2.44673858317131223e+06 9.41250523431319430e-01
2.44676695817130571e+06 9.30639396794660123e-01
2.44679545817129686e+06 9.27720997032306260e-01
2.44682395817128755e+06 9.33649098914383080e-01
2.44685216650461359e+06 9.46356393011119623e-01
2.44687929150461033e+06 9.59880434468506127e-01
2.44690420817127684e+06 9.59010724246576518e-01
2.44693145817128103e+06 9.45956041032005368e-01
2.44695954150462197e+06 9.34501072549698164e-01
2.44698791650463128e+06 9.28832554884434614e-01
2.44701629150463967e+06 9.30396294107205035e-01
2.44704462483797874e+06 9.38936731113205747e-01
2.44707254150464805e+06 9.52200544929578285e-01
2.44709862483797967e+06 9.62777013973643903e-01
2.44712412483797455e+06 9.54243640567352780e-01
2.44715195817129966e+06 9.39802092348110851e-01
2.44718037482638285e+06 9.30047549000700968e-01
2.44720891649304144e+06 9.28499190753036108e-01
2.44723733315970330e+06 9.35270744458578496e-01
2.44726545815970283e+06 9.47742614378991211e-01
2.44729241649303958e+06 9.60110615522195343e-01
2.44731749982637865e+06 9.58596425615875103e-01
2.44734474982638750e+06 9.46066183853149223e-01
2.44737283315972984e+06 9.34786732888555072e-01
2.44740120815973682e+06 9.28987159926527140e-01
2.44742966649307404e+06 9.30500139445224139e-01
2.44745799982640613e+06 9.39418920408693570e-01
2.44748591649306845e+06 9.53390328635693729e-01
2.44751166649306100e+06 9.63463453698330863e-01
2.44753745815971913e+06 9.53129984879921510e-01
2.44756541649304377e+06 9.38959872860826605e-01
2.44759383315970423e+06 9.30128484207327966e-01
2.44762233315970236e+06 9.29221680353422008e-01
2.44765070815970469e+06 9.35968207831068155e-01
2.44767870815971121e+06 9.47942298036025255e-01
2.44770566649305308e+06 9.59835486507978342e-01
2.44773079149306100e+06 9.58459565984888351e-01
2.44775804149306845e+06 9.45815785437491563e-01
2.44778612482640613e+06 9.34043833811860069e-01
2.44781454149307404e+06 9.27975956577043903e-01
2.44784304149307031e+06 9.29940314789390765e-01
2.44787145815972937e+06 9.39932652492819209e-01
2.44789929148147954e+06 9.54675401464504914e-01
2.44792462481480464e+06 9.63007059087440331e-01
2.44795083314813161e+06 9.51445762903193715e-01
2.44797883314812835e+06 9.37977334513571570e-01
2.44800720814812975e+06 9.30029223961038376e-01
2.44803562481480138e+06 9.29605343383388960e-01
2.44806395814814325e+06 9.36376283844807200e-01
2.44809195814815210e+06 9.48214954453553416e-01
2.44811891648149351e+06 9.60136168911677523e-01
2.44814395814816467e+06 9.58329223257399998e-01
2.44817124981483305e+06 9.44968529457248851e-01
2.44819945814816421e+06 9.32950886347776898e-01
2.44822795814815769e+06 9.27487927247274246e-01
2.44825649981481535e+06 9.30677422333652360e-01
2.44828487480323203e+06 9.41678490688621972e-01
2.44831254146989156e+06 9.56245176537328101e-01
2.44833770813655481e+06 9.62279853445332178e-01
2.44836420813655481e+06 9.50679387224254935e-01
2.44839220813655900e+06 9.38158702444941262e-01
2.44842049980323296e+06 9.30750615397538006e-01
2.44844891646990879e+06 9.30282004682305486e-01
2.44847724980325066e+06 9.36786557523412555e-01
2.44850529146992369e+06 9.48654183028971865e-01
2.44853224980325904e+06 9.61027238805487682e-01
2.44855716646992462e+06 9.58373223006784181e-01
2.44858458313658601e+06 9.44179397291806999e-01
2.44861287480324414e+06 9.32244612942404016e-01
2.44864141646990133e+06 9.27551727834992956e-01
2.44866995813655993e+06 9.31574172135118062e-01
2.44869824980322178e+06 9.42798264437980760e-01
2.44872579146988783e+06 9.56639640968503846e-01
2.44875099980322411e+06 9.61464652444361745e-01
2.44877758313656412e+06 9.50391064859126833e-01
2.44880554145833198e+06 9.38138053665237281e-01
2.44883383312500734e+06 9.30475277204239060e-01
2.44886224979168084e+06 9.29688806018736713e-01
2.44889062479168456e+06 9.36340798972917443e-01
2.44891870812501758e+06 9.48957296274897777e-01
2.44894549979167944e+06 9.61868034881436240e-01
2.44897037479167245e+06 9.57264589595641757e-01
2.44899799979166314e+06 9.42417094842892711e-01
2.44902633312498825e+06 9.31077344077033908e-01
2.44905487479164870e+06 9.27495960679611042e-01
2.44908329145831382e+06 9.32316556693386089e-01
2.44911149979164917e+06 9.43544806388137425e-01
2.44913895812498871e+06 9.56711557845670635e-01
2.44916420812499616e+06 9.60869220737446961e-01
2.44919083311343100e+06 9.49914219741176180e-01
2.44921879144677194e+06 9.37535689567428498e-01
2.44924712478011008e+06 9.29782105992788099e-01
2.44927558311344404e+06 9.29354669087899432e-01
2.44930399978010682e+06 9.36897634864992002e-01
2.44933208311343286e+06 9.50462902305864943e-01
2.44935854144675797e+06 9.62910672159254633e-01
2.44938366644674959e+06 9.55799689914940132e-01
2.44941141644674307e+06 9.41327639695771601e-01
2.44943974978007283e+06 9.31216576930660289e-01
2.44946820811340725e+06 9.28537323714662022e-01
2.44949662478007935e+06 9.33446798691191293e-01
2.44952479144675424e+06 9.44211140374891400e-01
2.44955224976852210e+06 9.56988689010612847e-01
2.44957745810186304e+06 9.61147606642559382e-01
2.44960408310186816e+06 9.49919198053710723e-01
2.44963208310187049e+06 9.37162552350304545e-01
2.44966049976853421e+06 9.29346924376950656e-01
2.44968899976852769e+06 9.29410132403643785e-01
2.44971745810185233e+06 9.37797164508004544e-01
2.44974545810184302e+06 9.51841269569999038e-01
2.44977158310183650e+06 9.63011895389785599e-01
2.44979704143516626e+06 9.54665483010441962e-01
2.44982483310183231e+06 9.40954230675272951e-01
2.44985312476850301e+06 9.31428658591365366e-01
2.44988154143517744e+06 9.28746057334538078e-01
2.44990991643518675e+06 9.33338843821677755e-01
2.44993808310186164e+06 9.43974956342676919e-01
2.44996554143520119e+06 9.57110298663278791e-01
2.44999066643520351e+06 9.61254329267716923e-01
2.45001737476853561e+06 9.48989986430287868e-01
2.45004545810186351e+06 9.35667769661753468e-01
2.45007391643518861e+06 9.28197249241427214e-01
2.45010245809027180e+06 9.29376147130944852e-01
2.45013087475692993e+06 9.38826030272327694e-01
2.45015874975692527e+06 9.52889780126669694e-01
2.45018462475692434e+06 9.62306296905169778e-01
2.45021041642359458e+06 9.53517239510515480e-01
2.45023816642360110e+06 9.40406893726199788e-01
2.45026641642360948e+06 9.31190954396779458e-01
2.45029483309028530e+06 9.28589008782012448e-01
2.45032320809029229e+06 9.33344510583079434e-01
2.45035141642362950e+06 9.44469705343613186e-01
2.45037887475696206e+06 9.58248284631561975e-01
2.45040370809029136e+06 9.61136346063283686e-01
2.45043066642361740e+06 9.47549191500455801e-01
2.45045887475694111e+06 9.34531782052320681e-01
2.45048737475693226e+06 9.28325529487451950e-01
2.45051587475692621e+06 9.30695251947728397e-01
2.45054420809025783e+06 9.40424983431182193e-01
2.45057195809026016e+06 9.53763227289557536e-01
2.45059779142359924e+06 9.61990087277151074e-01
2.45062370809027366e+06 9.53419692644926986e-01
2.45065145807870850e+06 9.40639461918703068e-01
2.45067970807871642e+06 9.31374828870777161e-01
2.45070812474538758e+06 9.28633589203515908e-01
2.45073658307872200e+06 9.33562174973487813e-01
2.45076483307871828e+06 9.45320228146679264e-01
2.45079220807871083e+06 9.59611936828426604e-01
2.45081687474536942e+06 9.60564070753531007e-01
2.45084408307869406e+06 9.46414503975353649e-01
2.45087233307868708e+06 9.34152149653633246e-01
2.45090079141201731e+06 9.28787677723644678e-01
2.45092924974535173e+06 9.31432362834608285e-01
2.45095749974535685e+06 9.40844678356072217e-01
2.45098520807869826e+06 9.53678839156029357e-01
2.45101108307870664e+06 9.61762232367937897e-01
2.45103699974538106e+06 9.53297968771299908e-01
2.45106474974538665e+06 9.40102119723493890e-01
2.45109304141205549e+06 9.30369876349094294e-01
2.45112154141205316e+06 9.27718802077203031e-01
2.45114999974537967e+06 9.33514833423492618e-01
2.45117824974537082e+06 9.46368585150071828e-01
2.45120537473378796e+06 9.60610521031059594e-01
2.45123012473378098e+06 9.59039054473718178e-01
2.45125749973377679e+06 9.45026460403479041e-01
2.45128570806711027e+06 9.33650793462976747e-01
2.45131412473378098e+06 9.28965165851724728e-01
2.45134254140045540e+06 9.31821603870917836e-01
2.45137074973379727e+06 9.41149200885320392e-01
2.45139849973380566e+06 9.53971027967304264e-01
2.45142424973381171e+06 9.62072051877574719e-01
2.45145020806714799e+06 9.52789526841061440e-01
2.45147804140048055e+06 9.38996942640089149e-01
2.45150641640047496e+06 9.29444499893390619e-01
2.45153495806713309e+06 9.27821233701309978e-01
2.45156345806712378e+06 9.34865710554868667e-01
2.45159162473378191e+06 9.48219317662662209e-01
2.45161849973377725e+06 9.61326959760332223e-01
2.45164341640044330e+06 9.58009590723570059e-01
2.45167087473377911e+06 9.44770592275858800e-01
2.45169904140045261e+06 9.34158528018267598e-01
2.45172741640046146e+06 9.29665766376925551e-01
2.45175583306713682e+06 9.32300276577996745e-01
2.45178408306714427e+06 9.41486051455014183e-01
2.45181183306714799e+06 9.54636294088452297e-01
2.45183741640048102e+06 9.62842140444978067e-01
2.45186345806714334e+06 9.52258674604682387e-01
2.45189141640046937e+06 9.38092710338883196e-01
2.45191987473379308e+06 9.29061162904304183e-01
2.45194841640045121e+06 9.28338106537116681e-01
2.45197687473377818e+06 9.35942166892096639e-01
2.45200491640044330e+06 9.49038719524799568e-01
2.45203166640044563e+06 9.61031622190628210e-01
2.45205679140045075e+06 9.57423525801921582e-01
2.45208420806712518e+06 9.44675452769574320e-01
2.45211237473380100e+06 9.33995291225760305e-01
2.45214074973380892e+06 9.29132523525010745e-01
2.45216916640048055e+06 9.31657645267504386e-01
2.45219745806714799e+06 9.41365840182739944e-01
2.45222520806714427e+06 9.55404537104987184e-01
2.45225045806713775e+06 9.62845462815714148e-01
2.45227679140046285e+06 9.50591427323238758e-01
2.45230487473378656e+06 9.36515339628738785e-01
2.45233333306711307e+06 9.28455481308062991e-01
2.45236183306710981e+06 9.28748485491176612e-01
2.45239016640044469e+06 9.36747620843820461e-01
2.45241816640044982e+06 9.49492408598216486e-01
2.45244483306712378e+06 9.60743968871501486e-01
2.45247004140046565e+06 9.56940995969719044e-01
2.45249749973380659e+06 9.44143392522285518e-01
2.45252562473381264e+06 9.33264467668657782e-01
2.45255404140048148e+06 9.28509260790282287e-01
2.45258254140047915e+06 9.31723733796663067e-01
2.45261087473380566e+06 9.42481967413726363e-01
2.45263854140046379e+06 9.57084217416840355e-01
2.45266341640045587e+06 9.62277499651564283e-01
2.45269016640044842e+06 9.49132159841383438e-01
2.45271829140044376e+06 9.36049092630880764e-01
2.45274670806711027e+06 9.29129968814747520e-01
2.45277516640044795e+06 9.29892145600257347e-01
2.45280345806712192e+06 9.37632742750768799e-01
2.45283141640046425e+06 9.49910761989362640e-01
2.45285808306713868e+06 9.61067526613378909e-01
2.45288329140047822e+06 9.57145233237900350e-01
2.45291074973381450e+06 9.43901962165423547e-01
2.45293899973381357e+06 9.32747656159643501e-01
2.45296745806714147e+06 9.28232258159130907e-01
2.45299599973379960e+06 9.32204392438414131e-01
2.45302429140045727e+06 9.43734779562379944e-01
2.45305183306711586e+06 9.58177029646280487e-01
2.45307666640044469e+06 9.61257485235696651e-01
2.45310358306710981e+06 9.48356559306589464e-01
2.45313170806711260e+06 9.36035649075368736e-01
2.45316004140045261e+06 9.29365038462020121e-01
2.45318845806712797e+06 9.29888064825057703e-01
2.45321674973380333e+06 9.37369219042575197e-01
2.45324474973381031e+06 9.49807636301862712e-01
2.45327137473381404e+06 9.61472924015455033e-01
2.45329649973381404e+06 9.56708774788069372e-01
2.45332408306714334e+06 9.42539932418150372e-01
2.45335237473380240e+06 9.31281640412735645e-01
2.45338091640046006e+06 9.27603918727267995e-01
2.45340941640045121e+06 9.32792972913485730e-01
2.45343766640044516e+06 9.44936973411492742e-01
2.45346495806710981e+06 9.58619129099212430e-01
2.45348991640044516e+06 9.60014451438883865e-01
2.45351695806711679e+06 9.47559137649048977e-01
2.45354499973379169e+06 9.35674074913688703e-01
2.45357333306713449e+06 9.29134943935037150e-01
2.45360174973380892e+06 9.29746262077677632e-01
2.45363008306714706e+06 9.37579945116499336e-01
2.45365808306714799e+06 9.50703415610892999e-01
2.45368449973381124e+06 9.62567562645083252e-01
2.45370970806713821e+06 9.55686044425611558e-01
2.45373745805555535e+06 9.41080808558389603e-01
2.45376583305554604e+06 9.30746593760736540e-01
2.45379433305553906e+06 9.28421493111171836e-01
2.45382279138886929e+06 9.34363894594194222e-01
2.45385095805553673e+06 9.46236641197475969e-01
2.45387812472220836e+06 9.58921091282607052e-01
2.45390320805554884e+06 9.59729465751463451e-01
2.45393024972222419e+06 9.47682910972628467e-01
2.45395824972223258e+06 9.35875516358182225e-01
2.45398662472223863e+06 9.29178624816988874e-01
2.45401508305557398e+06 9.29788337502018836e-01
2.45404349972223816e+06 9.38077669698275107e-01
2.45407149972223165e+06 9.51935713303309949e-01
2.45409758305555722e+06 9.63381625120733776e-01
2.45412304138888232e+06 9.54544647925493650e-01
2.45415091638887441e+06 9.40262209331659382e-01
2.45417929138886975e+06 9.30840861983351919e-01
2.45420774972220277e+06 9.29077105315999963e-01
2.45423612472220697e+06 9.34940424075455412e-01
2.45426420805554744e+06 9.46358084349911755e-01
2.45429141638888977e+06 9.58711338781337297e-01
2.45431649972223071e+06 9.59656091954287915e-01
2.45434349972223723e+06 9.47376567000697944e-01
2.45437158305557398e+06 9.35014614510095821e-01
2.45439999972223910e+06 9.28079126574538726e-01
2.45442849972223397e+06 9.29226414264180622e-01
2.45445691638889257e+06 9.38646147373117357e-01
2.45448487472221628e+06 9.53253541459957887e-01
2.45451054138887580e+06 9.63110853715347992e-01
2.45453641638887068e+06 9.52911425304063475e-01
2.45456433305553580e+06 9.39336751571207995e-01
2.45459262472220510e+06 9.30728274635834851e-01
2.45462104138887860e+06 9.29374987588398427e-01
2.45464937472222047e+06 9.35261452142031380e-01
2.45467745805556281e+06 9.46629308299560046e-01
2.45470466638890328e+06 9.59148984640600610e-01
2.45472962472224003e+06 9.59643423044251875e-01
2.45475674972224003e+06 9.46473043383169288e-01
2.45478491638890281e+06 9.33849756364536376e-01
2.45481341638889536e+06 9.27593192931316035e-01
2.45484195804397855e+06 9.30015570030971794e-01
2.45487033304396970e+06 9.40399114126991509e-01
2.45489812471063016e+06 9.54781103205854076e-01
2.45492358304396179e+06 9.62576336485922557e-01
2.45494974971062969e+06 9.52238930285682628e-01
2.45497766637730226e+06 9.39527617596395359e-01
2.45500595804397715e+06 9.31362030964959065e-01
2.45503433304398600e+06 9.29926507737775299e-01
2.45506270804399392e+06 9.35586722629312195e-01
2.45509083304399904e+06 9.47070510409830923e-01
2.45511799971066648e+06 9.60114152027536805e-01
2.45514279137733020e+06 9.59687568493335807e-01
2.45517008304399019e+06 9.45578749391451812e-01
2.45519837471064785e+06 9.33099819414000553e-01
2.45522687471063854e+06 9.27663384278080261e-01
2.45525541637729853e+06 9.30878544260045682e-01
2.45528370804396179e+06 9.41407448420569004e-01
2.45531137471062923e+06 9.55103361071024004e-01
2.45533687471063389e+06 9.61848019623552819e-01
2.45536312471064087e+06 9.51959844818801693e-01
2.45539095804398321e+06 9.39428035824737662e-01
2.45541924971065857e+06 9.30953166802328758e-01
2.45544766637733113e+06 9.29217628515803251e-01
2.45547608304399997e+06 9.35109373437182367e-01
2.45550420804399764e+06 9.47430257057993996e-01
2.45553129137732508e+06 9.61059707299981691e-01
2.45555599971065018e+06 9.58548214862816272e-01
2.45558349971064134e+06 9.43789025054728392e-01
2.45561179137730040e+06 9.31967615569787800e-01
2.45564029137729574e+06 9.27616891402674781e-01
2.45566874971062876e+06 9.31557000139205282e-01
2.45569695804396598e+06 9.42081510543750222e-01
2.45572458304397343e+06 9.55229902476530945e-01
2.45575008304398134e+06 9.61422369851285374e-01
2.45577637471065624e+06 9.51513626526684475e-01
2.45580424971066276e+06 9.38758711330080708e-01
2.45583254137733346e+06 9.30171197682843398e-01
2.45586099971066508e+06 9.28857426149206855e-01
2.45588945804399345e+06 9.35723947569798931e-01
2.45591762471065158e+06 9.49014103583772362e-01
2.45594437471064273e+06 9.62244523906941596e-01
2.45596929137730226e+06 9.57135015103286246e-01
2.45599691637729667e+06 9.42771291429472469e-01
2.45602520804396179e+06 9.32142136470086147e-01
2.45605366637729807e+06 9.28606434725904539e-01
2.45608204137730459e+06 9.32584689204467243e-01
2.45611024969907245e+06 9.42681281508743307e-01
2.45613783303241432e+06 9.55556730559156575e-01
2.45616329136575479e+06 9.61835311425551009e-01
2.45618962469909154e+06 9.51489934419368355e-01
2.45621754136575898e+06 9.38276183083972981e-01
2.45624591636575479e+06 9.29661956210300122e-01
2.45627445803241385e+06 9.28917405429627308e-01
2.45630291636573803e+06 9.36652642526349055e-01
2.45633099969906220e+06 9.50360822689070628e-01
2.45635745803238964e+06 9.62429967707605472e-01
2.45638266636572126e+06 9.56048359823169491e-01
2.45641033303238917e+06 9.42427481162166236e-01
2.45643858303239476e+06 9.32305141132025339e-01
2.45646695803240314e+06 9.28699847609684048e-01
2.45649533303241199e+06 9.32366529659231169e-01
2.45652354136575339e+06 9.42416109771444077e-01
2.45655120803242503e+06 9.55754871254050120e-01
2.45657645803242596e+06 9.62056711724915137e-01
2.45660287469908968e+06 9.50472717515432608e-01
2.45663091636574967e+06 9.36701442971861420e-01
2.45665937469907384e+06 9.28521248612863226e-01
2.45668791636573151e+06 9.28929946514424509e-01
2.45671633303239103e+06 9.37671022205402216e-01
2.45674429136572126e+06 9.51364379635782242e-01
2.45677049969905522e+06 9.61929724163988809e-01
2.45679599969905941e+06 9.55002100692660449e-01
2.45682362469906686e+06 9.41898729725481054e-01
2.45685183303240919e+06 9.32001344513819108e-01
2.45688024969908409e+06 9.28451248189325451e-01
2.45690866636575712e+06 9.32335941678399616e-01
2.45693691636575945e+06 9.42969349192843587e-01
2.45696449969909014e+06 9.57023074248642858e-01
2.45698945803241804e+06 9.62091539388964412e-01
2.45701620803241013e+06 9.49007160841077502e-01
2.45704433303240081e+06 9.35602650260139890e-01
2.45707279136572639e+06 9.28710191130659779e-01
2.45710133303238824e+06 9.30241143470026177e-01
2.45712966636572126e+06 9.39187359725130899e-01
2.45715749969905848e+06 9.52198619913724564e-01
2.45718370803239895e+06 9.61789692022212317e-01
2.45720929135416634e+06 9.54978910600243758e-01
2.45723691635417473e+06 9.42090797359991239e-01
2.45726512468751473e+06 9.32078458122301723e-01
2.45729358302085148e+06 9.28402164965550170e-01
2.45732204135418404e+06 9.32529681455049886e-01
2.45735033302084543e+06 9.43856438621427984e-01
2.45737787468750356e+06 9.58422662984316442e-01
2.45740258302082913e+06 9.61551028780503581e-01
2.45742962468748726e+06 9.47869690241074370e-01
2.45745779135414865e+06 9.35251598816588481e-01
2.45748624968747981e+06 9.29147420213086495e-01
2.45751466635415005e+06 9.30874769884421194e-01
2.45754295802082308e+06 9.39491294748582284e-01
2.45757079135416495e+06 9.52091958111544900e-01
2.45759699968750635e+06 9.61663341850525710e-01
2.45762254135418031e+06 9.54867692867948592e-01
2.45765020802085102e+06 9.41458502712054557e-01
2.45767849968751799e+06 9.30962709087933549e-01
2.45770695802084729e+06 9.27445747482806393e-01
2.45773545802083984e+06 9.32523342949443723e-01
2.45776374968749704e+06 9.44951656793121431e-01
2.45779108302082168e+06 9.59461139480962011e-01
2.45781583302081609e+06 9.60102713961265786e-01
2.45784304135414679e+06 9.46553396740479669e-01
2.45787116635414865e+06 9.34775806786469432e-01
2.45789954135415424e+06 9.29262542305576367e-01
2.45792795802082866e+06 9.31160211499581725e-01
2.45795620802083798e+06 9.39743459101241574e-01
2.45798404135417938e+06 9.52451744141688317e-01
2.45801016635418404e+06 9.62176277708165828e-01
2.45803574968751846e+06 9.54360740157792931e-01
2.45806349968751566e+06 9.40268074080872540e-01
2.45809187468750868e+06 9.30002888280143103e-01
2.45812041635416681e+06 9.27590539852100382e-01
2.45814891635415750e+06 9.33908585829626103e-01
2.45817712468748353e+06 9.46757607583021077e-01
2.45820420802081376e+06 9.60214846000825295e-01
2.45822912468748074e+06 9.59194946554795425e-01
2.45825637468748493e+06 9.46350921656026078e-01
2.45828449968749285e+06 9.35234561821196020e-01
2.45831283302083518e+06 9.29844438864970591e-01
2.45834124968751008e+06 9.31527917645605164e-01
2.45836954135418311e+06 9.40040759538816828e-01
2.45839741635418544e+06 9.53156583162971471e-01
2.45842333302085008e+06 9.63072479649749624e-01
2.45844899968751101e+06 9.53748022062822276e-01
2.45847691635416960e+06 9.39288452067566726e-01
2.45850533302082680e+06 9.29612844462546439e-01
2.45853387468748540e+06 9.28099954029254826e-01
2.45856233302081423e+06 9.34906335954498235e-01
2.45859041635414725e+06 9.47465172972023484e-01
2.45861741635415098e+06 9.59963034738076204e-01
2.45864245802082401e+06 9.58649565820893335e-01
2.45866970802083239e+06 9.46219704349972601e-01
2.45869779135417473e+06 9.34960698967560067e-01
2.45872616635418171e+06 9.29181134986910573e-01
2.45875458302085148e+06 9.30810232074348431e-01
2.45878295802085055e+06 9.39937479497227613e-01
2.45881083302084543e+06 9.53999158341895970e-01
2.45883633302083798e+06 9.63230395424916508e-01
2.45886233302082960e+06 9.52027996783010977e-01
2.45889033302082075e+06 9.37727266845490903e-01
2.45891879135414865e+06 9.29040592115653263e-01
2.45894724968747981e+06 9.28479515160890445e-01
2.45897562468748307e+06 9.35626190748787945e-01
2.45900366635415610e+06 9.47884385078184177e-01
2.45903058302083099e+06 9.59830874024482528e-01
2.45905570802083891e+06 9.58278223467263435e-01
2.45908295802084636e+06 9.45665200710509302e-01
2.45911108302085102e+06 9.34138489996896415e-01
2.45913949968751799e+06 9.28492678151329076e-01
2.45916799968751380e+06 9.30899873676634071e-01
2.45919637468750635e+06 9.41138862851661706e-01
2.45922416635416402e+06 9.55745398591818507e-01
2.45924929135415610e+06 9.62843689858790319e-01
2.45927570802081656e+06 9.50635340036374732e-01
2.45930374968747981e+06 9.37331474444085821e-01
2.45933212468748167e+06 9.29706424851876267e-01
2.45936058302082075e+06 9.29531570393679951e-01
2.45938891635416215e+06 9.36412615863758235e-01
2.45941691635417147e+06 9.48287283067918430e-01
2.45944387468751194e+06 9.60263911202966503e-01
2.45946891635418357e+06 9.58538802593214556e-01
2.45949620802085195e+06 9.45335367411035188e-01
2.45952441635418264e+06 9.33518814367678695e-01
2.45955291635417566e+06 9.28186898330622290e-01
2.45958145802083332e+06 9.31408682157982004e-01
2.45960979135415750e+06 9.42384917035198000e-01
2.45963741635415051e+06 9.56789932620777939e-01
2.45966249968748027e+06 9.61917349446070546e-01
2.45968912468748074e+06 9.49907056992884913e-01
2.45971712468748493e+06 9.37303531830822823e-01
2.45974545802082634e+06 9.29848254390348350e-01
2.45977387468750170e+06 9.29408553115561920e-01
2.45980220802084357e+06 9.36079479427812666e-01
2.45983024968751613e+06 9.48213086039259800e-01
2.45985720802085195e+06 9.60785865419750085e-01
2.45988212468751660e+06 9.58094617911791624e-01
2.45990958302084450e+06 9.43879373963606771e-01
2.45993783302083611e+06 9.32027649580803752e-01
2.45996637468749331e+06 9.27601146761636741e-01
2.45999487468748540e+06 9.32018594975340897e-01
2.46002312468748074e+06 9.43541832741792486e-01
2.46005058302081376e+06 9.57256103115073365e-01
2.46007570802081702e+06 9.60832747212946647e-01
2.46010245802082354e+06 9.49173528045731296e-01
2.46013041635416588e+06 9.36914885802147102e-01
2.46015874968750775e+06 9.29530416932691228e-01
2.46018716635418171e+06 9.29192759797075052e-01
2.46021554135418497e+06 9.36296304967068727e-01
2.46024362468751706e+06 9.49201534409548131e-01
2.46027037468751241e+06 9.62069177798850150e-01
2.46029529135417240e+06 9.57081666760707162e-01
2.46032295802082960e+06 9.42424038966530930e-01
2.46035129135415424e+06 9.31553132295551478e-01
2.46037979135414865e+06 9.28449262040185408e-01
2.46040824968747981e+06 9.33534593917394684e-01
2.46043641635414958e+06 9.44755877801072397e-01
2.46046379135415610e+06 9.57604250449727301e-01
2.46048899968749657e+06 9.60685062510790111e-01
2.46051574968750542e+06 9.49319351395300215e-01
2.46054370802084636e+06 9.37035959053456602e-01
2.46057204135418450e+06 9.29466796028858733e-01
2.46060054135418497e+06 9.29176643962160931e-01
2.46062895802084729e+06 9.36811488474656118e-01
2.46065704135417333e+06 9.50472924658580021e-01
2.46068349968749750e+06 9.62985575998091758e-01
2.46070862468748959e+06 9.55925520785980032e-01
2.46073637468748307e+06 9.41635560536441263e-01
2.46076470802081330e+06 9.31657053030658711e-01
2.46079316635414865e+06 9.29031295267707558e-01
2.46082158302082075e+06 9.33984123002445932e-01
2.46084970802082866e+06 9.44794941434869751e-01
2.46087708302083751e+06 9.57446230398033449e-01
2.46090224968751147e+06 9.60690052445020259e-01
2.46092899968751660e+06 9.48955118839544420e-01
2.46095704135418544e+06 9.36056448612315850e-01
2.46098541635418264e+06 9.28288337780812434e-01
2.46101395802084217e+06 9.28625191916229165e-01
2.46104241635416681e+06 9.37431986965716946e-01
2.46107041635415750e+06 9.51799194503750612e-01
2.46109645802081749e+06 9.62892891696341846e-01
2.46112199968748027e+06 9.54365830864690956e-01
2.46114979135414772e+06 9.40767539818082033e-01
2.46117808302081842e+06 9.31519605897249248e-01
2.46120645802082634e+06 9.29234223101436774e-01
2.46123483302083518e+06 9.34217326661000325e-01
2.46126295802084357e+06 9.45070149949330363e-01
2.46129037468751613e+06 9.58011918235254001e-01
2.46131537468751846e+06 9.60809956737369575e-01
2.46134224968751660e+06 9.47991285201366218e-01
2.46137037468751147e+06 9.34827236642550297e-01
2.46139887468750263e+06 9.27813512974536625e-01
2.46142741635416029e+06 9.29459379681621956e-01
2.46145583302081889e+06 9.39172269712352237e-01
2.46148366635414772e+06 9.53270245704560315e-01
2.46150954135414725e+06 9.62552102399677034e-01
2.46153533302081702e+06 9.53776834449544086e-01
2.46156312468749005e+06 9.40955235186319960e-01
2.46159137468749890e+06 9.32059497858279906e-01
2.46161974968750775e+06 9.29662465377119718e-01
2.46164816635418171e+06 9.34461854231575906e-01
2.46167633302085148e+06 9.45508916949775013e-01
2.46170374968751706e+06 9.59033597537541693e-01
2.46172849968751287e+06 9.60875448450903336e-01
2.46175558302083891e+06 9.47003602118373533e-01
2.46178383302082960e+06 9.34043731501376984e-01
2.46181233302082075e+06 9.27887670233516260e-01
2.46184083302081516e+06 9.30277345872473682e-01
2.46186916635414679e+06 9.40065426872710663e-01
2.46189695802081609e+06 9.53520213380332882e-01
2.46192279135415563e+06 9.61918747869738744e-01
2.46194866635416308e+06 9.53512263399570070e-01
2.46197641635417240e+06 9.40779974273766251e-01
2.46200466635417985e+06 9.31520343281663776e-01
2.46203308302085102e+06 9.28842241021700654e-01
2.46206154135418497e+06 9.33958601301717484e-01
2.46208974968751380e+06 9.45929987566501596e-01
2.46211704135417379e+06 9.60075624174816844e-01
2.46214166635416541e+06 9.59725150882501432e-01
2.46216899968749005e+06 9.45199644572994324e-01
2.46219724968748307e+06 9.32955223558688318e-01
2.46222574968747981e+06 9.27846561342079212e-01
2.46225416635414865e+06 9.30883941740143328e-01
2.46228241635415424e+06 9.40658094166231473e-01
2.46231016635416215e+06 9.53686481735687042e-01
2.46233595802083705e+06 9.61685676196126327e-01
2.46236191635417799e+06 9.53105922297696528e-01
2.46238966635418357e+06 9.40037587980816380e-01
2.46241799968751846e+06 9.30647462080019028e-01
2.46244645802084915e+06 9.28461012518818851e-01
2.46247495802084217e+06 9.34639299340303209e-01
3.00000000000000000e+00 9.99999999000000000e+08
2.44082954166668188e+06 1.05738578082753043e+00
2.44102266666664835e+06 1.05724888665054650e+00
2.44124283333335118e+06 1.05782702961968056e+00
2.44143591665507481e+06 1.05745394109451363e+00
2.44165604164352734e+06 1.05773119665184545e+00
2.44184920829860447e+06 1.05692552525237837e+00
2.44204241663194681e+06 1.05757355832202515e+00
2.44226254162037885e+06 1.05718608138181080e+00
2.44245566660878342e+06 1.05801615592094134e+00
2.44267579160881415e+06 1.05734749249276305e+00
2.44286891659720242e+06 1.05760631016662443e+00
2.44308912493057083e+06 1.05714294054787716e+00
2.44328224991896702e+06 1.05766486044667429e+00
2.44350237491898378e+06 1.05763438848270330e+00
2.44369549990740698e+06 1.05787993855230766e+00
2.44391562489582039e+06 1.05730620111926621e+00
2.44410879156251345e+06 1.05752588788635826e+00
2.44432899988423940e+06 1.05711181808862253e+00
2.44452212488427758e+06 1.05800063141080392e+00
2.44474224988424452e+06 1.05724200058300877e+00
2.44493537487269612e+06 1.05796295173342592e+00
2.44515554152777744e+06 1.05668825133052802e+00
2.44534870819444023e+06 1.05777688989668950e+00
2.44554179151620995e+06 1.05697881367716073e+00
2.44576195818285318e+06 1.05814305664444541e+00
2.44595504151622066e+06 1.05720293769968010e+00
2.44617520818285132e+06 1.05766416260819707e+00
2.44636841650464665e+06 1.05706047102798650e+00
2.44658858317128662e+06 1.05772175381364808e+00
2.44678170817130152e+06 1.05761129925679609e+00
2.44700183317130199e+06 1.05787544372887088e+00
2.44719491649304517e+06 1.05733823102745017e+00
2.44741512482640566e+06 1.05750197656500333e+00
2.44760824982636934e+06 1.05720511312647414e+00
2.44782841649307264e+06 1.05794835649065022e+00
2.44802149981479812e+06 1.05739085716657977e+00
2.44824166648148699e+06 1.05781070142335976e+00
2.44843479146990413e+06 1.05689947394147143e+00
2.44865499980323017e+06 1.05758463793509994e+00
2.44884816645834502e+06 1.05723491123870494e+00
2.44904124979165103e+06 1.05790660280209425e+00
2.44926137478011101e+06 1.05738558414863482e+00
2.44945449978007283e+06 1.05747961199296814e+00
2.44967470810186490e+06 1.05720865480160953e+00
2.44986783310184022e+06 1.05759266297912990e+00
2.45008799975694297e+06 1.05768570516877491e+00
2.45028108309028111e+06 1.05780646808220435e+00
2.45050120809026249e+06 1.05731101552754403e+00
2.45069437474538572e+06 1.05749184105334648e+00
2.45091458307868382e+06 1.05715569054720016e+00
2.45110770807872154e+06 1.05800183946179627e+00
2.45132783306711772e+06 1.05728226533052738e+00
2.45152095806713728e+06 1.05792894282990613e+00
2.45174116640046611e+06 1.05677160658428559e+00
2.45193429140045540e+06 1.05777954953241138e+00
2.45215445806714520e+06 1.05711675276386918e+00
2.45234754140044423e+06 1.05812921092995404e+00
2.45256770806714753e+06 1.05720377034257562e+00
2.45276083306711167e+06 1.05764340096688803e+00
2.45295399973381124e+06 1.05701628607329057e+00
2.45317416640045680e+06 1.05776043099779815e+00
2.45336729140046472e+06 1.05755246024682004e+00
2.45358741640047217e+06 1.05790916804198587e+00
2.45378054138887580e+06 1.05723221569862158e+00
2.45400070805557352e+06 1.05757362187155746e+00
2.45419387472220231e+06 1.05713235229355984e+00
2.45441404138890421e+06 1.05804438043160132e+00
2.45460708305554138e+06 1.05731244024315552e+00
2.45482724972222373e+06 1.05786768488335148e+00
2.45502041637731530e+06 1.05686436249249871e+00
2.45524058304396830e+06 1.05767714103427446e+00
2.45543374971066182e+06 1.05727182419427024e+00
2.45565387471062830e+06 1.05794164190251561e+00
2.45584699971066648e+06 1.05740452221980541e+00
2.45606716637730086e+06 1.05739434334006299e+00
2.45626033303241804e+06 1.05725059561020673e+00
2.45648054136574082e+06 1.05751217507705197e+00
2.45667358303240268e+06 1.05770709116791695e+00
2.45686662469908036e+06 1.05771342863939699e+00
2.45708683303239010e+06 1.05728807890093468e+00
2.45727995802085055e+06 1.05743898110535839e+00
2.45750016635414772e+06 1.05717543452250218e+00
2.45769329135418311e+06 1.05797423047881689e+00
2.45791341635415796e+06 1.05730230489468746e+00
2.45810654135417147e+06 1.05786681814608152e+00
2.45832674968750589e+06 1.05684014521946046e+00
2.45851987468748866e+06 1.05775145176755125e+00
2.45874008302085055e+06 1.05724966158983857e+00
2.45893312468748027e+06 1.05808471094186962e+00
2.45915329135418357e+06 1.05731051844687696e+00
2.45934641635415098e+06 1.05759870615432061e+00
2.45956658302083798e+06 1.05712195664862030e+00
2.45975974968749704e+06 1.05777472269178463e+00
2.45997987468748912e+06 1.05749126892977618e+00
2.46017299968751147e+06 1.05791706938737606e+00
2.46036612468748400e+06 1.05709195682817314e+00
2.46058633302085195e+06 1.05761761630418505e+00
2.46077945802081376e+06 1.05703106829516491e+00
2.46099962468751241e+06 1.05810518114176189e+00
2.46119270802082215e+06 1.05720929070118186e+00
2.46141283302083146e+06 1.05789129314273511e+00
2.46160599968750356e+06 1.05681189573566736e+00
2.46182616635415098e+06 1.05773803724615956e+00
2.46201933302084915e+06 1.05728248061669494e+00
2.46223945802081376e+06 1.05797910230891046e+00
2.46243258302085102e+06 1.05738105365719259e+00
4.00000000000000000e+00 9.99999999000000000e+08
2.44062345833332185e+06 9.28119237536722652e-01
2.44081579166667908e+06 9.28358642481271645e-01
2.44103687499997998e+06 9.28766235240125582e-01
2.44122912500001816e+06 9.27168939931661718e-01
2.44142174998840643e+06 9.28655008185346964e-01
2.44164249997686408e+06 9.26583949735497625e-01
2.44183508329860028e+06 9.29561991340729921e-01
2.44205595828703465e+06 9.26632657141658989e-01
2.44224841662037466e+06 9.29476461561717149e-01
2.44246941660878016e+06 9.26600049922846725e-01
2.44266166660881275e+06 9.28823518008033755e-01
2.44288279159720289e+06 9.27810523257937780e-01
2.44307504159723967e+06 9.28349113704391216e-01
2.44329612491897028e+06 9.28238378965966393e-01
2.44348845825232193e+06 9.27098545694261644e-01
2.44370937490741117e+06 9.28166560587186051e-01
2.44390191656249156e+06 9.27123695907444367e-01
2.44412270822918275e+06 9.28207021494892759e-01
2.44431533321757335e+06 9.27637644587662957e-01
2.44453608321761014e+06 9.27251560139255471e-01
2.44472870821757521e+06 9.27979187541188466e-01
2.44494949987269193e+06 9.27349196761924621e-01
2.44514199987267982e+06 9.28895760034720963e-01
2.44533441652777838e+06 9.27872118642433907e-01
2.44555529151621368e+06 9.28463066717196250e-01
2.44574787484952249e+06 9.27144034691461227e-01
2.44596862484955508e+06 9.27786372242979218e-01
2.44616124984951690e+06 9.27846782322611863e-01
2.44638204150464432e+06 9.27466654689803160e-01
2.44657462483794941e+06 9.28276378317853479e-01
2.44679545817129686e+06 9.26796137689750887e-01
2.44698791650463128e+06 9.28211123200129551e-01
2.44720891649304144e+06 9.27645016751425744e-01
2.44740120815973682e+06 9.28322224884142067e-01
2.44762233315970236e+06 9.28486859787857166e-01
2.44781454149307404e+06 9.27176877277071765e-01
2.44803562481480138e+06 9.28976133633515389e-01
2.44822795814815769e+06 9.26600810793189011e-01
2.44844891646990879e+06 9.29664813534834322e-01
2.44864141646990133e+06 9.26642439813882057e-01
2.44886224979168084e+06 9.28968742423229910e-01
2.44905487479164870e+06 9.26623131896848751e-01
2.44927558311344404e+06 9.28562125086778933e-01
2.44946820811340725e+06 9.27790207539889944e-01
2.44966049976853421e+06 9.28613047315974494e-01
2.44988154143517744e+06 9.28097420476339252e-01
2.45007391643518861e+06 9.27351871425590280e-01
2.45029483309028530e+06 9.27913513434215687e-01
2.45048737475693226e+06 9.27424470749195762e-01
2.45070812474538758e+06 9.27847484176064774e-01
2.45090079141201731e+06 9.27914232823917384e-01
2.45112154141205316e+06 9.26842643068254479e-01
2.45131412473378098e+06 9.28202784189857466e-01
2.45153495806713309e+06 9.26965953977156976e-01
2.45172741640046146e+06 9.28996712839742500e-01
2.45194841640045121e+06 9.27569094773090685e-01
2.45214074973380892e+06 9.28411412564948191e-01
2.45233333306711307e+06 9.27686999943718726e-01
2.45255404140048148e+06 9.27662273086778177e-01
2.45274670806711027e+06 9.28380318748924238e-01
2.45296745806714147e+06 9.27305383619372536e-01
2.45316004140045261e+06 9.28719290398057007e-01
2.45338091640046006e+06 9.26662635700408299e-01
2.45357333306713449e+06 9.28549591525418494e-01
2.45379433305553906e+06 9.27543130111212921e-01
2.45398662472223863e+06 9.28534858303171062e-01
2.45420774972220277e+06 9.28318490414015707e-01
2.45439999972223910e+06 9.27301166490725137e-01
2.45462104138887860e+06 9.28715861225541839e-01
2.45481341638889536e+06 9.26725981360201900e-01
2.45503433304398600e+06 9.29261722053356221e-01
2.45522687471063854e+06 9.26762447901043562e-01
2.45544766637733113e+06 9.28437920594472943e-01
2.45564029137729574e+06 9.26749665652760957e-01
2.45586099971066508e+06 9.28003141093205808e-01
2.45605366637729807e+06 9.27867416181280880e-01
2.45627445803241385e+06 9.28110017790858444e-01
2.45646695803240314e+06 9.28047865208384559e-01
2.45665937469907384e+06 9.27732481074374560e-01
2.45688024969908409e+06 9.27758160223077000e-01
2.45707279136572639e+06 9.27849708640597015e-01
2.45729358302085148e+06 9.27593401540338314e-01
2.45748624968747981e+06 9.28311473492056338e-01
2.45770695802084729e+06 9.26548151587279767e-01
2.45789954135415424e+06 9.28537005911481028e-01
2.45812041635416681e+06 9.26706351485765079e-01
2.45831283302083518e+06 9.29196243947439937e-01
2.45853387468748540e+06 9.27290865763513938e-01
2.45872616635418171e+06 9.28467358592180880e-01
2.45894724968747981e+06 9.27783413774846633e-01
2.45913949968751799e+06 9.27652073886506057e-01
2.45936058302082075e+06 9.28948119973541320e-01
2.45955291635417566e+06 9.27265235179070224e-01
2.45977387468750170e+06 9.28819441301051651e-01
2.45996637468749331e+06 9.26654483716636834e-01
2.46018716635418171e+06 9.28497331889520550e-01
2.46037979135414865e+06 9.27561443360839344e-01
2.46060054135418497e+06 9.28421140700448788e-01
2.46079316635414865e+06 9.28263348041132197e-01
2.46098541635418264e+06 9.27547097306209767e-01
2.46120645802082634e+06 9.28556296277662896e-01
2.46139887468750263e+06 9.26978623608874508e-01
2.46161974968750775e+06 9.28965382755156055e-01
2.46181233302082075e+06 9.27012625808421253e-01
2.46203308302085102e+06 9.28061697244383477e-01
2.46222574968747981e+06 9.27097788618380325e-01
2.46244645802084915e+06 9.28839286027743349e-01
5.00000000000000000e+00 9.99999999000000000e+08
2.44077212499999907e+06 1.01674650005422951e+00
2.44113666666666558e+06 1.01672618702520690e+00
2.44150420831018500e+06 1.01675310537587515e+00
2.44186712496527657e+06 1.01675138030232404e+00
2.44223354162037000e+06 1.01668193552702490e+00
2.44259962494212901e+06 1.01674358978093471e+00
2.44296262493055407e+06 1.01672893614152637e+00
2.44333033325231448e+06 1.01666013624574458e+00
2.44369449990740651e+06 1.01670411540354344e+00
2.44405837489583204e+06 1.01669978448383769e+00
2.44442624988425896e+06 1.01672425357613805e+00
2.44478945820601750e+06 1.01674751106473171e+00
2.44515504152777698e+06 1.01668228370079183e+00
2.44552191651620343e+06 1.01674333397809735e+00
2.44588474984953599e+06 1.01675757393954980e+00
2.44625191650462942e+06 1.01668795604902518e+00
2.44661691650462942e+06 1.01674363268195767e+00
2.44698054150462849e+06 1.01673637249394599e+00
2.44734849982638843e+06 1.01671635388149939e+00
2.44771199982638797e+06 1.01672244246521948e+00
2.44807670814814698e+06 1.01665103986883398e+00
2.44844412480324041e+06 1.01670172633889400e+00
2.44880699979166547e+06 1.01673897424676252e+00
2.44917341644675890e+06 1.01666530063504079e+00
2.44953929143518489e+06 1.01672297710105397e+00
2.44990258310185093e+06 1.01674078227134279e+00
2.45027029142361088e+06 1.01671628841594419e+00
2.45063429141203640e+06 1.01675256175384465e+00
2.45099849974536896e+06 1.01669529292282124e+00
2.45136645806712937e+06 1.01671691388059715e+00
2.45172949973379541e+06 1.01674005527027811e+00
2.45209508306712890e+06 1.01664159187847636e+00
2.45246166640046285e+06 1.01668716764919154e+00
2.45282474973379495e+06 1.01672719466742678e+00
2.45319195806712937e+06 1.01669264330654041e+00
2.45355670806712890e+06 1.01674056406866509e+00
2.45392045805555442e+06 1.01669622508252600e+00
2.45428849972222187e+06 1.01670491127961826e+00
2.45465183305555489e+06 1.01675247637764987e+00
2.45501658304398041e+06 1.01666538416110952e+00
2.45538399971064785e+06 1.01670092168586779e+00
2.45574712471064692e+06 1.01673934985982939e+00
2.45611366636574036e+06 1.01667402281354424e+00
2.45647912469907338e+06 1.01670746153854763e+00
2.45684249969907291e+06 1.01668059373910435e+00
2.45721033302083286e+06 1.01668108611740204e+00
2.45757416635416588e+06 1.01674990288647882e+00
2.45793833302083239e+06 1.01667455883551661e+00
2.45830620802083286e+06 1.01669502412587520e+00
2.45866941635416588e+06 1.01675331014354975e+00
2.45903499968749890e+06 1.01669321654881295e+00
2.45940141635416634e+06 1.01672818826074662e+00
2.45976479135416588e+06 1.01671433909137710e+00
2.46013233302083286e+06 1.01667954892542878e+00
2.46049670802083286e+06 1.01672445396004663e+00
2.46086033302083239e+06 1.01664269723581380e+00
2.46122824968749937e+06 1.01664294180180415e+00
2.46159170802083239e+06 1.01672788276835591e+00
2.46195641635416588e+06 1.01667873337224890e+00
2.46232370802083286e+06 1.01671167976676147e+00
6.00000000000000000e+00 9.99999999000000000e+08
2.44058837499999953e+06 9.83307893769002850e-01
2.44095629166666558e+06 9.83265118479841660e-01
2.44131966665509203e+06 9.83214693253657290e-01
2.44168499996527703e+06 9.83275543875807401e-01
2.44205191662036953e+06 9.83261353879940847e-01
2.44241504160879599e+06 9.83288033101375580e-01
2.44278195826388802e+06 9.83318866925405932e-01
2.44314691658564750e+06 9.83261444557541053e-01
2.44351045824074047e+06 9.83310015975648599e-01
2.44387845822916552e+06 9.83298341730546088e-01
2.44424212488425849e+06 9.83254187980061589e-01
2.44460658321759198e+06 9.83318368086376293e-01
2.44497395820601750e+06 9.83293883618798992e-01
2.44533712486111047e+06 9.83262235660975925e-01
2.44570341651620297e+06 9.83277664721981859e-01
2.44606933318286948e+06 9.83220254160422358e-01
2.44643270817129593e+06 9.83277761979956977e-01
2.44680045817129500e+06 9.83300007231586615e-01
2.44716449982638797e+06 9.83251105002766579e-01
2.44752841649305541e+06 9.83307176300929453e-01
2.44789620814814698e+06 9.83301809052162912e-01
2.44825962480323995e+06 9.83279862390084802e-01
2.44862512480323995e+06 9.83322970972547727e-01
2.44899162479166547e+06 9.83281629616058028e-01
2.44935474978009192e+06 9.83300292162705314e-01
2.44972195810185093e+06 9.83301345786894987e-01
2.45008679142361041e+06 9.83221805984581310e-01
2.45045045809027739e+06 9.83266406761538980e-01
2.45081837474536896e+06 9.83298777108443378e-01
2.45118204140046239e+06 9.83279908633995947e-01
2.45154670806712937e+06 9.83320416884965076e-01
2.45191387473379495e+06 9.83285027318280935e-01
2.45227708306712937e+06 9.83288782209156276e-01
2.45264370806712890e+06 9.83319380141919996e-01
2.45300924973379541e+06 9.83263835629949456e-01
2.45337254140046285e+06 9.83295822445955148e-01
2.45374016638888791e+06 9.83325978334337991e-01
2.45410433305555489e+06 9.83259182341969185e-01
2.45446849972222187e+06 9.83279053948342141e-01
2.45483616637731390e+06 9.83272034450060728e-01
2.45519949971064739e+06 9.83288666015975532e-01
2.45556529137731437e+06 9.83340272269584759e-01
2.45593154137731390e+06 9.83283094346205200e-01
2.45629470803240687e+06 9.83289473471065434e-01
2.45666199969907291e+06 9.83333717459338286e-01
2.45702679136573989e+06 9.83276390162971525e-01
2.45739045802083286e+06 9.83302940234215828e-01
2.45775808302083239e+06 9.83308435428323691e-01
2.45812174968749937e+06 9.83283268342236449e-01
2.45848670802083286e+06 9.83300163917916858e-01
2.45885383302083239e+06 9.83242563631599120e-01
2.45921708302083286e+06 9.83256059498437196e-01
2.45958379135416588e+06 9.83335538532568831e-01
2.45994916635416588e+06 9.83294577214930743e-01
2.46031254135416634e+06 9.83305993025374470e-01
2.46068004135416588e+06 9.83326407119285206e-01
2.46104420802083286e+06 9.83301056583762434e-01
2.46140862468749937e+06 9.83332463116862399e-01
2.46177599968749890e+06 9.83306358219506182e-01
2.46213924968749937e+06 9.83290732109428633e-01
